 1395646979.344417472 , 000.00 003.92 008.58 009.99 000.00 000.00 007.79 005.93 
 1395646979.397034432 , 000.00 004.13 008.49 010.17 017.19 000.00 008.29 006.28 
 1395646979.499617519 , 000.00 003.69 008.76 010.25 000.00 000.00 007.59 005.83 
 1395646979.644650765 , 000.00 003.97 008.65 010.28 000.00 000.00 007.79 005.82 
 1395646979.695785131 , 000.00 004.08 008.68 010.28 016.71 000.00 008.16 006.27 
 1395646979.844823498 , 000.00 004.27 008.68 010.14 000.00 000.00 007.72 005.84 
 1395646979.894066771 , 000.00 003.77 008.67 010.26 016.32 000.00 007.42 005.83 
 1395646979.994857872 , 000.00 003.70 008.52 010.26 015.05 000.00 007.89 005.70 
 1395646980.94801587 , 000.00 003.42 008.77 009.82 018.19 000.00 007.97 005.56 
 1395646980.194805015 , 020.97 003.74 008.55 010.18 017.11 000.00 008.21 006.03 
 1395646980.294807813 , 000.00 003.96 008.73 009.97 000.00 000.00 007.88 005.51 
 1395646980.394696984 , 000.00 003.83 008.21 010.19 000.00 000.00 008.21 005.64 
 1395646980.494700269 , 020.48 003.97 008.36 010.55 000.00 000.00 008.12 005.88 
 1395646980.548157492 , 000.00 003.98 008.44 010.44 000.00 000.00 007.80 005.82 
 1395646980.694569685 , 000.00 003.85 008.47 010.09 015.15 000.00 008.02 006.25 
 1395646980.794577095 , 000.00 004.05 008.49 010.22 000.00 000.00 007.79 006.07 
 1395646980.894564042 , 021.19 004.18 008.59 010.05 000.00 000.00 007.90 005.61 
 1395646980.944910802 , 022.52 003.84 009.14 010.55 000.00 000.00 007.95 005.93 
 1395646981.44773015 , 020.96 003.92 008.52 010.69 000.00 000.00 007.56 005.57 
 1395646981.144533958 , 021.52 004.20 008.45 010.54 000.00 000.00 007.72 006.01 
 1395646981.244475368 , 021.37 004.17 009.09 010.42 000.00 000.00 007.67 006.02 
 1395646981.344416772 , 000.00 004.29 008.94 010.25 000.00 000.00 007.95 005.92 
 1395646981.444407703 , 000.00 003.84 008.65 010.26 000.00 000.00 007.65 006.12 
 1395646981.544462397 , 000.00 004.33 008.79 010.42 000.00 000.00 008.13 005.64 
 1395646981.644403040 , 021.15 003.82 008.80 010.56 000.00 000.00 007.78 005.64 
 1395646981.744490765 , 020.97 004.36 008.63 010.39 000.00 000.00 007.85 005.88 
 1395646981.844486442 , 022.15 004.29 008.45 010.31 000.00 000.00 007.84 006.30 
 1395646981.894802759 , 021.28 004.17 008.81 010.35 000.00 000.00 007.72 006.11 
 1395646981.994341668 , 021.02 003.99 008.67 010.26 000.00 000.00 008.26 006.26 
 1395646982.94254519 , 021.04 004.18 008.95 010.36 000.00 000.00 008.22 005.88 
 1395646982.194095217 , 000.00 003.68 008.44 010.41 000.00 000.00 007.61 006.07 
 1395646982.294010366 , 021.16 003.90 008.98 010.72 000.00 000.00 008.35 005.82 
 1395646982.394977468 , 023.80 004.21 009.05 010.87 000.00 000.00 007.85 006.22 
 1395646982.447785859 , 021.53 004.14 008.82 010.49 000.00 000.00 007.98 006.12 
 1395646982.594185269 , 000.00 003.94 008.96 010.53 000.00 000.00 007.89 005.93 
 1395646982.644533221 , 021.75 003.96 008.88 010.73 000.00 000.00 007.74 005.61 
 1395646982.795018282 , 000.00 003.85 008.45 010.23 000.00 000.00 007.61 005.70 
 1395646982.844348929 , 021.33 003.86 008.61 010.49 000.00 000.00 008.06 005.89 
 1395646982.944215120 , 000.00 004.18 008.85 010.78 000.00 000.00 007.76 005.73 
 1395646983.44014121 , 000.00 003.78 008.96 010.57 000.00 000.00 008.04 006.02 
 1395646983.144868778 , 021.67 003.82 008.81 010.31 000.00 000.00 007.88 006.15 
 1395646983.244810538 , 023.49 003.99 008.71 010.44 000.00 000.00 007.86 006.35 
 1395646983.344400574 , 021.89 004.01 008.67 010.23 000.00 000.00 008.04 005.79 
 1395646983.444475382 , 021.06 003.91 008.67 010.28 000.00 000.00 007.79 005.59 
 1395646983.544254057 , 021.35 004.02 008.81 010.60 000.00 000.00 007.86 005.97 
 1395646983.594588256 , 021.24 004.10 008.54 010.27 000.00 000.00 007.68 006.15 
 1395646983.694372520 , 020.88 004.28 008.57 010.56 000.00 000.00 007.93 006.19 
 1395646983.794242275 , 022.98 003.99 009.08 010.63 000.00 000.00 008.11 005.71 
 1395646983.894001821 , 000.00 004.20 009.03 010.54 000.00 000.00 008.04 005.94 
 1395646983.994859408 , 000.00 004.06 009.13 010.50 000.00 000.00 008.10 006.16 
 1395646984.94450074 , 021.34 003.90 008.75 010.60 000.00 000.00 007.90 006.13 
 1395646984.194354958 , 000.00 004.23 008.76 010.58 000.00 000.00 007.63 006.20 
 1395646984.294221986 , 000.00 003.83 008.85 010.63 000.00 000.00 007.57 006.24 
 1395646984.394035230 , 000.00 004.13 008.64 010.32 000.00 000.00 007.90 006.30 
 1395646984.494867610 , 000.00 004.06 008.30 010.60 000.00 000.00 007.98 006.06 
 1395646984.594496414 , 000.00 003.64 008.72 010.74 000.00 000.00 007.72 005.78 
 1395646984.744999838 , 000.00 004.19 008.31 000.00 000.00 000.00 008.02 006.33 
 1395646984.798034728 , 000.00 003.77 008.94 010.67 000.00 000.00 008.12 006.05 
 1395646985.212378826 , 000.00 003.79 008.75 010.39 000.00 000.00 007.76 005.83 
 1395646985.313206732 , 020.78 004.23 008.94 010.49 000.00 000.00 008.12 006.18 
 1395646985.363552660 , 020.96 004.20 008.49 010.54 000.00 000.00 008.30 005.71 
 1395646985.463494836 , 021.01 003.92 008.76 010.52 000.00 000.00 008.04 005.87 
 1395646985.563122103 , 000.00 004.33 008.41 010.55 000.00 000.00 007.80 005.94 
 1395646985.662815298 , 020.40 004.00 008.63 010.41 000.00 000.00 007.54 005.79 
 1395646985.763564905 , 020.57 004.10 008.71 010.59 000.00 000.00 008.02 006.06 
 1395646985.863331230 , 020.96 003.50 008.82 010.53 000.00 000.00 007.81 006.12 
 1395646985.962970363 , 021.12 004.20 008.79 010.40 000.00 000.00 008.22 005.73 
 1395646986.17162524 , 020.88 004.14 008.77 010.42 000.00 000.00 007.57 006.42 
 1395646986.113049366 , 021.20 003.99 009.03 010.31 000.00 000.00 007.67 006.06 
 1395646986.213065575 , 020.91 003.94 009.02 010.38 000.00 000.00 007.86 005.96 
 1395646986.313097292 , 020.19 003.80 008.82 010.38 000.00 000.00 007.87 005.75 
 1395646986.413181599 , 021.23 004.13 008.77 010.33 000.00 000.00 007.93 005.84 
 1395646986.513262691 , 021.08 004.14 008.86 010.50 000.00 000.00 007.89 005.79 
 1395646986.613339870 , 000.00 003.99 008.98 010.58 000.00 000.00 007.75 006.17 
 1395646986.713099207 , 000.00 004.13 008.85 010.31 000.00 000.00 007.84 005.96 
 1395646986.812789744 , 000.00 003.93 008.65 000.00 000.00 000.00 007.65 005.96 
 1395646986.913475175 , 021.05 003.86 008.66 010.50 000.00 000.00 007.88 006.16 
 1395646987.13162295 , 000.00 003.95 008.71 010.59 000.00 000.00 008.02 005.84 
 1395646987.112858208 , 020.92 004.14 008.67 010.19 000.00 000.00 007.75 005.80 
 1395646987.213548112 , 020.88 003.63 008.77 010.24 000.00 000.00 007.56 005.82 
 1395646987.313178723 , 000.00 003.88 008.57 010.55 000.00 000.00 007.66 006.08 
 1395646987.412853479 , 000.00 003.87 008.70 010.44 000.00 000.00 007.76 005.61 
 1395646987.513475567 , 000.00 003.74 008.63 010.63 000.00 000.00 007.76 005.93 
 1395646987.613143059 , 000.00 003.85 008.77 010.31 000.00 000.00 007.86 005.59 
 1395646987.712800142 , 000.00 003.99 008.90 010.61 000.00 000.00 008.20 006.69 
 1395646987.813463717 , 000.00 003.77 008.82 010.49 000.00 000.00 007.59 006.39 
 1395646987.913081129 , 000.00 003.82 008.89 010.33 000.00 000.00 008.07 005.79 
 1395646988.12605237 , 000.00 003.81 008.86 010.45 000.00 000.00 007.89 006.31 
 1395646988.113215030 , 000.00 003.88 008.62 010.56 000.00 000.00 007.78 006.03 
 1395646988.212829166 , 000.00 004.09 009.00 010.37 000.00 000.00 008.07 006.12 
 1395646988.362759963 , 000.00 004.09 008.72 010.21 000.00 000.00 007.61 006.01 
 1395646988.562823253 , 000.00 003.97 008.94 010.53 000.00 000.00 007.87 005.66 
 1395646988.613287625 , 021.02 004.33 009.14 010.36 000.00 000.00 007.49 006.11 
 1395646988.712813831 , 021.19 003.82 008.76 010.41 000.00 000.00 007.98 006.09 
 1395646988.813453587 , 021.20 004.17 009.03 010.37 000.00 000.00 007.49 005.98 
 1395646988.913036223 , 000.00 004.10 008.80 010.01 000.00 000.00 007.83 005.87 
 1395646989.12579258 , 021.07 004.08 008.68 010.60 000.00 000.00 008.17 006.17 
 1395646989.113188210 , 020.88 004.18 008.97 010.23 000.00 000.00 007.84 006.08 
 1395646989.212798709 , 020.97 004.22 008.77 010.54 000.00 000.00 007.90 006.13 
 1395646989.313448037 , 000.00 003.79 008.81 010.18 000.00 000.00 008.10 005.83 
 1395646989.413036396 , 020.87 003.97 008.65 010.32 000.00 000.00 007.57 005.78 
 1395646989.512568953 , 000.00 004.24 008.87 010.36 000.00 000.00 008.00 005.53 
 1395646989.613242372 , 000.00 004.14 008.71 010.41 000.00 000.00 008.03 006.10 
 1395646989.712860692 , 000.00 003.64 008.73 010.39 000.00 000.00 008.08 005.96 
 1395646989.812592867 , 000.00 004.25 008.93 010.36 000.00 000.00 007.79 005.88 
 1395646989.913484253 , 000.00 004.01 008.77 010.26 000.00 000.00 008.06 006.05 
 1395646990.13348281 , 000.00 003.86 008.90 010.08 000.00 000.00 007.58 005.97 
 1395646990.113333413 , 000.00 003.92 008.77 010.37 000.00 000.00 008.09 006.38 
 1395646990.213548533 , 000.00 004.01 008.82 010.23 000.00 000.00 007.85 005.85 
 1395646990.313548323 , 000.00 003.95 008.55 010.15 000.00 000.00 008.07 006.04 
 1395646990.412603520 , 020.40 003.70 008.79 010.32 000.00 000.00 007.61 006.05 
 1395646990.512526842 , 021.27 004.10 008.53 010.00 000.00 000.00 007.67 005.91 
 1395646990.563915847 , 021.06 003.97 008.72 010.40 000.00 000.00 007.85 006.45 
 1395646990.666788004 , 021.24 004.22 008.95 010.31 000.00 000.00 007.88 005.80 
 1395646990.762716056 , 020.82 004.01 009.26 010.05 000.00 000.00 007.78 005.88 
 1395646990.862810006 , 021.06 003.83 008.88 009.92 000.00 000.00 008.03 005.91 
 1395646990.962844718 , 020.50 003.92 008.77 009.88 000.00 000.00 007.79 005.86 
 1395646991.62522620 , 021.03 003.96 008.79 010.04 000.00 000.00 008.06 006.15 
 1395646991.405403304 , 020.80 003.83 008.71 009.92 000.00 000.00 007.89 006.28 
 1395646991.506389539 , 020.75 003.67 009.22 010.08 000.00 000.00 007.69 006.02 
 1395646991.606068907 , 020.80 004.42 008.90 010.22 000.00 000.00 007.42 006.20 
 1395646991.661036503 , 021.52 004.04 008.73 009.92 000.00 000.00 008.29 005.75 
 1395646991.759777624 , 020.88 003.95 008.70 009.92 000.00 000.00 007.93 005.98 
 1395646991.856449347 , 020.84 003.97 008.77 009.89 000.00 000.00 007.84 006.33 
 1395646991.956041900 , 021.05 004.32 009.05 010.37 000.00 000.00 008.04 005.52 
 1395646992.55786077 , 000.00 003.97 008.81 010.31 000.00 000.00 007.79 005.85 
 1395646992.156549027 , 000.00 003.59 008.58 010.31 000.00 000.00 007.64 005.96 
 1395646992.256255708 , 000.00 004.00 008.78 010.41 000.00 000.00 007.71 005.73 
 1395646992.357548056 , 000.00 003.78 008.95 010.21 000.00 000.00 007.69 006.17 
 1395646992.456254461 , 000.00 004.11 008.84 010.20 000.00 000.00 007.89 006.20 
 1395646992.605801690 , 000.00 004.08 008.56 010.18 000.00 000.00 008.43 006.01 
 1395646992.705899894 , 000.00 003.74 009.00 010.30 000.00 000.00 007.93 006.21 
 1395646992.805924690 , 000.00 003.78 009.07 010.51 000.00 000.00 007.83 006.10 
 1395646992.856536997 , 021.34 003.88 008.93 010.10 000.00 000.00 007.66 005.97 
 1395646992.956251214 , 021.21 003.95 008.85 010.08 000.00 000.00 007.99 005.74 
 1395646993.56269454 , 022.49 003.73 008.77 010.26 000.00 000.00 007.92 006.16 
 1395646993.156339508 , 021.31 004.01 008.78 010.51 000.00 000.00 007.85 006.35 
 1395646993.256380584 , 020.88 003.69 008.62 010.55 000.00 000.00 007.89 006.43 
 1395646993.356471588 , 020.84 003.73 008.86 010.22 000.00 000.00 007.56 006.08 
 1395646993.406003733 , 020.84 004.29 008.50 010.22 000.00 000.00 007.87 005.84 
 1395646993.506026361 , 020.96 004.08 009.03 010.00 000.00 000.00 007.88 006.19 
 1395646993.606100196 , 020.25 003.73 008.86 010.24 000.00 000.00 007.51 006.29 
 1395646993.706256579 , 020.60 003.74 008.85 010.15 000.00 000.00 008.02 006.19 
 1395646993.806688411 , 020.59 004.13 009.16 010.22 000.00 000.00 007.77 005.85 
 1395646993.905767773 , 020.94 003.76 008.80 010.18 000.00 000.00 007.85 006.14 
 1395646993.956356327 , 020.84 004.03 008.60 010.50 000.00 000.00 008.08 005.84 
 1395646994.56449363 , 021.42 003.87 008.86 010.35 000.00 000.00 007.77 005.83 
 1395646994.156520749 , 020.99 004.06 008.81 010.46 000.00 000.00 007.75 006.05 
 1395646994.256338537 , 021.07 003.82 008.99 010.18 000.00 000.00 007.85 006.16 
 1395646994.356406851 , 021.17 004.36 008.75 010.39 000.00 000.00 008.04 005.62 
 1395646994.408037788 , 020.52 003.60 008.58 010.27 000.00 000.00 007.83 006.37 
 1395646994.505838980 , 020.66 004.20 008.61 010.63 000.00 000.00 007.94 005.88 
 1395646994.605975456 , 020.51 004.06 008.52 010.35 000.00 000.00 008.03 006.22 
 1395646994.705738773 , 020.41 004.30 008.76 010.55 000.00 000.00 007.98 005.91 
 1395646994.806778854 , 020.32 004.21 008.79 010.36 000.00 000.00 008.00 006.20 
 1395646994.856407581 , 020.29 004.15 008.63 010.58 000.00 000.00 007.93 006.14 
 1395646994.956080594 , 020.45 003.92 008.75 010.33 000.00 000.00 008.04 006.29 
 1395646995.56054689 , 020.40 003.95 008.40 010.38 000.00 000.00 008.02 006.02 
 1395646995.156029340 , 021.02 003.96 008.58 010.28 000.00 000.00 008.26 006.14 
 1395646995.255834563 , 020.64 003.74 008.84 010.21 000.00 000.00 008.13 005.97 
 1395646995.355796361 , 020.69 003.81 008.75 010.47 000.00 000.00 007.84 006.22 
 1395646995.406298110 , 020.78 004.33 008.82 010.27 000.00 000.00 007.93 006.46 
 1395646995.506095370 , 020.33 003.76 008.43 010.46 000.00 000.00 007.85 006.14 
 1395646995.606107810 , 020.70 003.91 008.63 010.39 000.00 000.00 008.19 005.99 
 1395646995.706014437 , 020.68 004.18 008.82 010.42 000.00 000.00 008.02 006.37 
 1395646995.760038970 , 020.69 004.15 008.80 010.44 000.00 000.00 008.25 006.42 
 1395646995.857039154 , 020.91 003.99 008.62 010.40 000.00 000.00 007.94 006.02 
 1395646995.955815897 , 021.02 004.05 008.50 010.31 000.00 000.00 007.93 006.01 
 1395646996.55806335 , 020.89 003.86 008.49 010.41 000.00 000.00 008.02 006.15 
 1395646996.155809829 , 021.11 004.27 009.02 010.10 000.00 000.00 007.93 005.91 
