 1395648624.97767087 , 006.57 005.61 005.89 000.00 009.32 000.00 016.41 007.18 
 1395648624.197955107 , 006.36 005.61 005.89 000.00 009.18 000.00 017.97 007.07 
 1395648624.247508822 , 006.05 005.56 005.83 000.00 009.11 000.00 016.08 007.15 
 1395648624.347676940 , 006.29 005.69 006.05 000.00 008.98 000.00 016.07 007.03 
 1395648624.447823125 , 006.16 005.42 006.02 000.00 009.23 000.00 016.19 006.99 
 1395648624.547941865 , 006.26 006.02 005.98 000.00 000.00 000.00 016.78 007.04 
 1395648624.648062208 , 006.46 005.51 006.09 007.83 009.22 000.00 016.40 006.89 
 1395648624.748226967 , 000.00 005.96 006.18 000.00 009.09 000.00 016.97 007.01 
 1395648624.847313450 , 006.30 005.82 006.26 000.00 009.18 000.00 000.00 007.00 
 1395648624.947423807 , 006.17 005.84 006.14 000.00 009.25 000.00 015.14 006.91 
 1395648625.2234619 , 006.19 005.96 006.32 000.00 009.23 000.00 015.22 007.17 
 1395648625.147849783 , 006.20 005.54 006.21 000.00 009.40 000.00 015.92 007.17 
 1395648625.197400709 , 006.24 005.70 006.08 000.00 009.15 000.00 016.36 007.01 
 1395648625.297509871 , 006.43 005.68 005.94 000.00 009.16 000.00 016.69 007.15 
 1395648625.397664929 , 006.32 005.65 005.92 000.00 008.98 000.00 000.00 006.91 
 1395648625.497745190 , 006.52 005.55 005.76 000.00 009.13 000.00 016.45 006.95 
 1395648625.550859410 , 006.33 005.74 006.19 000.00 009.10 000.00 015.83 006.99 
 1395648625.648735753 , 006.21 005.94 005.73 000.00 009.14 000.00 016.14 007.37 
 1395648625.747849546 , 006.21 005.88 006.06 000.00 009.16 000.00 015.92 007.02 
 1395648625.847944189 , 006.43 005.71 005.91 000.00 009.13 000.00 015.75 006.90 
 1395648625.948050909 , 006.34 005.48 006.16 000.00 009.23 000.00 015.54 007.10 
 1395648625.997670070 , 005.97 005.60 006.19 007.33 009.16 000.00 016.16 007.07 
 1395648626.97741805 , 006.15 005.87 005.94 000.00 009.34 000.00 016.10 007.22 
 1395648626.197816748 , 006.28 005.36 005.83 000.00 009.20 000.00 016.53 007.18 
 1395648626.297908530 , 005.89 005.48 006.01 000.00 008.99 000.00 016.38 006.87 
 1395648626.347442549 , 006.57 005.75 005.91 000.00 009.35 000.00 017.08 006.96 
 1395648626.447607941 , 006.25 005.70 006.06 000.00 009.00 000.00 017.86 006.94 
 1395648626.547734435 , 006.46 005.34 005.79 000.00 009.18 000.00 017.62 007.01 
 1395648626.647849051 , 006.32 005.41 005.91 000.00 009.28 000.00 018.74 006.84 
 1395648626.747978403 , 006.17 005.91 005.98 000.00 009.23 000.00 017.17 007.20 
 1395648626.848071999 , 006.39 005.50 006.00 000.00 009.13 000.00 018.37 006.93 
 1395648626.947161624 , 006.73 005.91 005.87 000.00 009.25 000.00 017.44 006.98 
 1395648626.997784473 , 006.53 005.45 005.93 000.00 009.08 000.00 017.04 007.31 
 1395648627.97859980 , 006.18 005.42 006.00 000.00 009.15 000.00 016.95 007.20 
 1395648627.197934294 , 006.62 005.93 005.84 000.00 008.95 000.00 017.73 007.24 
 1395648627.298011269 , 005.95 005.59 006.03 000.00 008.98 000.00 017.13 007.19 
 1395648627.398168904 , 006.43 005.47 005.78 000.00 009.03 000.00 017.27 007.08 
 1395648627.498254260 , 006.56 005.73 005.80 000.00 009.12 000.00 017.29 007.17 
 1395648627.820712511 , 006.78 006.12 005.98 000.00 009.35 000.00 000.00 006.93 
 1395648627.871455069 , 006.11 005.59 006.15 000.00 008.90 000.00 016.49 007.05 
 1395648627.971600971 , 005.96 005.78 005.80 000.00 009.16 000.00 016.86 007.00 
 1395648628.71722367 , 000.00 005.84 005.74 000.00 009.28 000.00 016.81 007.02 
 1395648628.175746835 , 006.70 005.97 005.87 000.00 009.13 000.00 017.09 006.80 
 1395648628.271905715 , 006.26 005.87 005.91 000.00 009.18 000.00 016.99 006.92 
 1395648628.370922494 , 006.38 005.63 006.10 000.00 009.27 000.00 016.76 006.93 
 1395648628.470926204 , 000.00 005.41 006.03 000.00 009.31 000.00 016.77 006.93 
 1395648628.571730714 , 000.00 005.42 005.84 000.00 009.30 000.00 016.70 007.02 
 1395648628.671601724 , 006.16 005.45 005.93 000.00 009.33 000.00 016.70 006.91 
 1395648628.771383893 , 006.29 005.94 006.15 000.00 009.23 000.00 017.82 007.07 
 1395648628.871165575 , 006.35 005.97 006.12 000.00 009.25 000.00 016.58 006.85 
 1395648628.970942018 , 006.14 006.14 005.64 000.00 009.05 000.00 016.73 007.09 
 1395648629.24226656 , 006.43 005.52 005.89 000.00 009.13 000.00 016.94 006.92 
 1395648629.122228091 , 006.51 005.65 005.89 000.00 009.23 000.00 016.89 006.92 
 1395648629.221021659 , 006.42 005.68 006.09 000.00 009.22 000.00 016.78 006.98 
 1395648629.321878688 , 006.29 005.47 005.84 000.00 009.23 000.00 016.96 006.86 
 1395648629.470911121 , 006.80 005.29 005.88 000.00 000.00 000.00 000.00 007.05 
 1395648629.571735319 , 006.33 005.88 006.16 000.00 009.00 000.00 000.00 007.19 
 1395648629.671588242 , 006.24 005.84 005.97 000.00 009.44 000.00 016.52 007.07 
 1395648629.771361266 , 006.70 005.77 005.68 000.00 009.13 000.00 017.65 007.03 
 1395648629.820912678 , 006.35 005.79 005.85 000.00 009.28 000.00 018.08 007.20 
 1395648629.924726298 , 006.09 005.53 006.33 000.00 010.22 000.00 018.31 007.00 
 1395648630.21578765 , 006.62 005.96 005.85 000.00 000.00 000.00 017.52 007.01 
 1395648630.121482675 , 006.23 005.63 006.03 007.45 009.39 000.00 018.15 006.75 
 1395648630.221344396 , 006.25 005.77 005.73 000.00 009.32 000.00 018.28 006.73 
 1395648630.272353189 , 005.96 005.37 005.97 000.00 009.07 000.00 017.81 006.91 
 1395648630.371099963 , 006.29 005.78 006.01 000.00 009.12 000.00 017.77 006.78 
 1395648630.470851614 , 006.53 005.89 006.01 000.00 009.23 000.00 017.96 006.98 
 1395648630.571702005 , 000.00 005.75 006.00 000.00 009.32 000.00 017.79 006.85 
 1395648630.671451006 , 006.14 005.62 005.89 000.00 009.30 000.00 018.03 006.80 
 1395648630.771207896 , 006.14 005.56 005.97 007.26 009.21 000.00 018.23 006.88 
 1395648630.823977104 , 005.83 005.86 006.03 000.00 009.16 000.00 017.95 007.12 
 1395648630.921796944 , 006.20 005.16 005.87 007.31 009.13 000.00 018.70 007.06 
 1395648631.21620810 , 006.57 005.20 005.69 007.48 008.90 000.00 018.48 006.86 
 1395648631.71924137 , 005.81 005.79 006.19 007.45 008.93 000.00 018.16 007.02 
 1395648631.171706659 , 006.33 005.78 005.87 007.33 008.89 000.00 017.95 006.86 
 1395648631.221229719 , 006.34 006.05 005.87 007.33 008.86 000.00 019.29 006.88 
 1395648631.320978430 , 006.38 005.61 005.89 007.06 008.98 000.00 018.37 006.77 
 1395648631.371307807 , 006.23 005.71 006.02 007.29 009.12 000.00 017.96 006.92 
 1395648631.471135029 , 006.06 005.29 006.04 006.88 009.11 000.00 016.90 007.03 
 1395648631.621486697 , 006.69 005.73 005.56 007.09 009.13 000.00 016.85 006.74 
 1395648631.721322987 , 006.20 005.53 006.10 007.17 009.21 000.00 017.16 006.99 
 1395648631.771644961 , 006.42 005.66 006.11 006.98 009.36 000.00 017.14 006.95 
 1395648631.871398219 , 005.47 005.52 005.83 007.49 009.17 000.00 018.12 006.84 
 1395648631.921229902 , 006.09 005.53 005.65 007.33 009.21 000.00 017.22 006.96 
 1395648632.20980368 , 000.00 005.70 005.98 007.25 009.40 000.00 000.00 006.94 
 1395648632.121803453 , 005.91 005.69 005.65 007.49 009.32 000.00 016.88 007.29 
 1395648632.175975707 , 006.27 005.75 005.97 007.08 009.44 000.00 019.01 007.23 
 1395648632.271778392 , 006.34 005.98 005.96 000.00 009.34 000.00 017.74 007.17 
 1395648632.371645773 , 006.19 005.84 005.96 000.00 009.16 000.00 018.79 007.03 
 1395648632.471395608 , 006.34 005.66 005.85 007.40 009.28 000.00 019.99 007.10 
 1395648632.520932424 , 000.00 005.89 005.96 007.31 009.17 000.00 018.18 007.10 
 1395648632.621754740 , 006.18 005.42 006.08 000.00 009.43 000.00 018.36 007.08 
 1395648632.721731982 , 006.52 005.62 005.57 007.45 009.36 000.00 000.00 007.06 
 1395648632.771160401 , 006.28 005.22 006.17 007.18 009.40 000.00 017.93 007.02 
 1395648632.870904300 , 006.60 005.80 005.78 000.00 009.39 000.00 017.75 006.80 
 1395648632.971707621 , 006.20 005.56 005.66 007.35 009.22 000.00 017.66 007.09 
 1395648633.71563895 , 000.00 005.51 005.57 000.00 009.18 000.00 017.62 007.21 
 1395648633.122354225 , 006.34 005.78 005.66 007.29 009.13 000.00 018.46 007.16 
 1395648633.221309617 , 005.98 005.96 006.06 006.98 009.31 000.00 017.77 006.83 
 1395648633.271718466 , 006.24 005.50 006.16 007.12 009.16 000.00 017.62 006.79 
 1395648633.371653942 , 006.12 005.62 005.88 007.06 010.06 000.00 018.00 006.97 
 1395648633.421181398 , 006.21 005.15 005.99 007.11 009.16 000.00 018.61 006.73 
 1395648633.521101576 , 006.00 005.57 005.75 007.19 009.11 000.00 017.18 007.12 
 1395648633.620962179 , 006.28 005.71 005.82 007.35 009.34 000.00 017.62 006.93 
 1395648633.671363772 , 006.27 005.74 005.78 007.25 009.20 000.00 017.31 007.09 
 1395648634.16392774 , 006.23 005.88 006.01 007.36 009.40 000.00 017.25 007.03 
 1395648634.66829425 , 006.37 006.20 006.15 000.00 000.00 000.00 017.82 007.26 
 1395648634.166664398 , 000.00 005.66 005.97 007.70 009.32 022.03 017.53 007.10 
 1395648634.267552225 , 006.43 005.73 005.79 000.00 009.07 000.00 018.25 007.05 
 1395648634.317167685 , 006.01 006.01 005.98 000.00 009.24 000.00 017.52 006.88 
 1395648634.417247591 , 006.37 005.65 005.82 007.38 009.21 000.00 017.72 007.16 
 1395648634.517329106 , 006.51 005.71 005.84 000.00 009.21 000.00 017.81 006.94 
 1395648634.566967958 , 006.25 005.85 006.24 007.56 009.28 000.00 017.43 007.08 
 1395648634.666929480 , 005.81 005.69 005.93 000.00 009.32 000.00 017.67 007.17 
 1395648634.766794620 , 006.28 005.78 006.50 000.00 009.22 000.00 018.31 007.08 
 1395648634.867508899 , 006.30 005.87 005.95 000.00 008.98 000.00 017.96 007.10 
 1395648634.917114646 , 006.08 005.87 005.88 000.00 009.17 000.00 017.49 007.01 
 1395648635.67335705 , 000.00 005.69 006.33 000.00 009.25 000.00 017.79 007.18 
 1395648635.116863582 , 006.25 005.41 006.03 000.00 009.25 000.00 017.78 007.17 
 1395648635.216667125 , 000.00 005.71 006.21 000.00 009.26 022.31 017.78 007.13 
 1395648635.270726999 , 005.54 005.67 006.21 000.00 009.23 022.97 017.65 007.03 
 1395648635.366515021 , 006.25 005.84 005.86 000.00 009.12 000.00 017.63 007.26 
 1395648635.467398661 , 006.40 005.69 006.09 000.00 009.27 000.00 017.43 007.38 
 1395648635.567276866 , 006.27 005.87 006.00 000.00 009.25 000.00 017.71 007.19 
 1395648635.616830305 , 006.25 005.96 005.93 000.00 009.07 000.00 017.95 007.05 
 1395648635.716638177 , 006.52 005.64 005.88 000.00 009.01 000.00 017.57 006.96 
 1395648635.817474743 , 006.53 005.60 005.88 007.48 009.07 000.00 017.31 007.02 
 1395648635.871227738 , 006.23 005.46 005.66 000.00 008.93 000.00 016.80 007.02 
 1395648635.969226440 , 005.41 005.26 005.73 000.00 009.24 000.00 016.70 007.02 
 1395648636.67039576 , 005.74 005.51 005.97 000.00 009.13 021.99 016.28 007.38 
 1395648636.116566542 , 005.98 005.49 005.86 007.66 009.06 022.71 015.99 007.04 
 1395648636.266762113 , 006.57 005.84 005.95 000.00 009.12 021.69 018.02 006.93 
 1395648636.366547427 , 006.47 005.76 005.88 000.00 009.33 022.21 018.36 007.12 
 1395648636.467404946 , 000.00 005.66 005.71 000.00 009.09 000.00 017.59 006.94 
 1395648636.517001684 , 006.08 006.15 005.70 007.29 009.02 000.00 017.21 006.97 
 1395648636.616779319 , 006.45 005.82 006.25 000.00 009.17 000.00 017.26 007.26 
 1395648636.716558834 , 006.30 005.79 006.09 000.00 009.17 000.00 017.13 007.21 
 1395648636.817435770 , 000.00 005.81 005.88 000.00 009.20 000.00 017.64 007.16 
 1395648636.917298189 , 006.49 006.02 006.15 007.43 009.07 000.00 018.08 007.11 
 1395648637.17073589 , 006.70 005.65 005.67 000.00 009.25 000.00 017.24 007.07 
 1395648637.67401074 , 006.46 005.43 005.80 007.31 008.99 000.00 017.95 006.95 
 1395648637.167251833 , 006.53 005.60 006.02 000.00 009.02 000.00 018.02 007.20 
 1395648637.221227275 , 006.29 006.06 005.94 007.30 009.30 023.22 018.43 007.19 
 1395648637.317084573 , 006.37 005.65 005.83 000.00 009.11 000.00 018.26 007.01 
 1395648637.416867442 , 006.18 005.97 006.44 007.46 009.21 000.00 018.18 007.02 
 1395648637.467166083 , 006.43 005.29 005.83 000.00 009.13 000.00 018.18 006.95 
 1395648637.566919132 , 006.60 005.50 005.78 007.31 009.09 000.00 017.53 007.04 
 1395648637.717235806 , 006.08 005.37 005.96 007.25 009.13 000.00 017.95 006.97 
 1395648637.817066658 , 006.51 005.76 006.05 000.00 008.85 000.00 017.78 007.15 
 1395648637.916819571 , 006.11 005.80 005.85 000.00 009.26 000.00 018.02 007.01 
 1395648637.967116049 , 006.06 005.70 005.88 007.30 009.03 000.00 020.93 007.28 
 1395648638.66866862 , 005.97 005.80 005.83 000.00 000.00 000.00 018.46 007.05 
 1395648638.166713149 , 006.09 005.42 005.81 007.17 009.16 000.00 018.00 007.22 
 1395648638.217348003 , 005.95 006.12 006.12 000.00 008.94 000.00 018.11 007.12 
 1395648638.317209936 , 006.40 005.61 005.82 007.16 009.03 000.00 018.22 007.08 
 1395648638.417050290 , 006.39 005.91 005.92 006.34 009.18 000.00 018.03 007.13 
 1395648638.467351166 , 006.47 005.68 006.11 000.00 009.07 000.00 017.21 006.97 
 1395648638.567101982 , 006.34 006.23 006.24 000.00 009.08 000.00 017.08 007.13 
 1395648638.666863131 , 006.57 005.30 005.94 000.00 009.20 000.00 017.77 007.09 
 1395648638.718232369 , 006.06 005.91 005.94 007.06 009.32 000.00 017.72 006.94 
 1395648638.817049617 , 006.36 005.64 005.87 007.34 009.21 000.00 018.38 007.06 
 1395648638.916612418 , 006.48 005.94 005.52 000.00 009.20 000.00 018.81 007.11 
 1395648639.16602437 , 006.11 005.39 006.30 000.00 009.25 000.00 018.37 007.16 
 1395648639.67290100 , 006.11 005.82 005.94 007.39 009.37 000.00 018.76 007.08 
 1395648639.119853278 , 006.36 005.25 006.06 007.36 009.09 000.00 017.86 007.07 
 1395648639.217018565 , 006.58 005.34 005.93 007.26 009.25 000.00 017.68 006.84 
 1395648639.317126824 , 006.14 005.27 006.17 007.47 009.27 000.00 017.24 006.80 
 1395648639.366700659 , 006.35 005.74 005.68 007.37 009.20 023.07 017.18 006.91 
 1395648639.417307652 , 006.39 005.64 005.94 007.47 009.16 000.00 017.21 007.12 
 1395648639.517436448 , 006.26 005.72 005.86 007.47 010.08 000.00 016.59 006.94 
 1395648639.567015165 , 006.44 005.59 006.07 007.08 009.02 000.00 016.72 006.83 
 1395648639.616537949 , 006.33 005.49 005.92 007.46 008.93 023.09 016.27 006.97 
 1395648639.716597946 , 006.23 005.64 005.93 007.32 009.00 000.00 017.01 006.80 
 1395648639.767484933 , 006.12 005.91 006.15 007.26 009.00 000.00 016.38 006.81 
 1395648639.866547181 , 006.16 005.80 005.87 007.42 008.79 000.00 016.88 006.94 
 1395648640.211267138 , 006.52 005.65 005.73 000.00 009.50 022.66 017.25 006.80 
 1395648640.312258679 , 006.06 005.52 005.98 007.26 009.07 000.00 016.79 006.94 
 1395648640.361867297 , 006.26 005.70 006.01 000.00 009.09 000.00 017.60 007.01 
 1395648640.461972132 , 006.62 005.74 005.92 007.52 009.03 022.73 016.81 006.92 
 1395648640.511505035 , 006.03 005.57 006.12 000.00 009.17 022.58 016.95 006.82 
 1395648640.611536887 , 006.14 005.84 006.06 000.00 009.71 022.57 016.98 007.03 
 1395648640.662142069 , 006.24 006.05 005.78 007.30 009.07 000.00 016.90 006.96 
 1395648640.762167147 , 006.37 005.95 005.99 007.41 009.41 000.00 017.19 007.16 
 1395648640.811663107 , 006.43 005.65 006.19 007.44 009.25 000.00 016.80 007.11 
 1395648640.911699501 , 006.46 005.97 005.98 000.00 009.03 000.00 016.88 007.11 
 1395648641.11735338 , 006.44 005.87 005.93 007.40 009.18 000.00 017.22 007.16 
 1395648641.62340654 , 005.98 006.16 005.84 007.25 009.09 000.00 016.92 006.93 
 1395648641.162444169 , 006.37 006.10 006.15 000.00 009.17 000.00 016.97 006.97 
 1395648641.261474570 , 006.20 005.78 005.95 007.37 009.23 000.00 016.17 007.10 
 1395648641.312042941 , 005.97 005.69 005.82 007.21 009.31 000.00 017.35 007.07 
 1395648641.412045812 , 006.31 005.70 005.88 007.17 010.05 000.00 017.18 007.07 
 1395648641.461574312 , 006.19 005.71 005.92 007.10 000.00 000.00 016.62 006.79 
 1395648641.561574737 , 006.52 005.84 005.76 007.28 009.41 000.00 017.17 007.02 
 1395648641.661581874 , 006.38 005.75 006.35 007.20 009.48 000.00 016.82 006.99 
 1395648641.712121678 , 006.37 005.64 005.69 007.23 009.08 000.00 016.72 006.97 
 1395648641.812127066 , 006.25 005.93 005.96 000.00 009.22 000.00 016.59 007.02 
 1395648641.865854844 , 006.47 005.74 005.83 007.21 009.18 000.00 016.89 007.11 
 1395648641.961926143 , 006.05 005.55 005.82 007.38 009.18 000.00 017.86 007.03 
 1395648642.11422237 , 006.33 005.64 005.77 007.26 009.21 000.00 016.98 006.79 
 1395648642.111418826 , 006.46 005.29 006.11 007.15 009.30 000.00 017.09 007.00 
 1395648642.211421976 , 006.32 005.46 006.17 007.07 009.12 000.00 016.90 000.00 
 1395648642.265605468 , 006.60 005.62 005.79 007.37 010.49 000.00 016.77 007.10 
 1395648642.361607764 , 006.23 005.60 006.01 006.90 009.26 000.00 017.02 006.78 
 1395648642.461678656 , 006.35 005.53 006.25 000.00 009.21 000.00 017.17 006.89 
 1395648642.561684323 , 006.45 005.76 005.87 000.00 009.18 000.00 017.03 007.01 
 1395648642.612228178 , 006.43 005.82 006.08 007.36 009.31 000.00 017.02 006.89 
 1395648642.712240688 , 006.46 005.32 005.93 007.17 009.30 000.00 017.02 006.88 
 1395648642.761765002 , 006.37 005.85 006.15 007.47 009.34 000.00 016.70 006.99 
 1395648642.861765916 , 006.48 005.80 005.72 007.37 009.31 000.00 017.00 007.19 
 1395648642.912340226 , 006.16 005.79 005.91 007.01 009.08 000.00 017.35 007.11 
 1395648643.12414404 , 006.35 005.53 005.68 007.33 009.14 000.00 017.31 006.88 
 1395648643.62015339 , 006.41 005.65 006.15 007.17 009.22 000.00 018.07 006.81 
 1395648643.162011567 , 006.20 005.73 005.53 007.04 010.22 000.00 016.85 006.80 
 1395648643.262008924 , 006.58 006.11 005.98 000.00 009.12 000.00 016.99 007.05 
 1395648643.311475200 , 006.34 005.71 006.02 007.22 009.16 000.00 016.75 007.21 
 1395648643.411478489 , 006.38 005.45 006.06 007.16 009.08 000.00 016.98 006.85 
 1395648643.462080945 , 006.14 005.56 006.24 000.00 009.31 000.00 016.69 006.97 
 1395648643.562075152 , 005.97 005.83 006.19 007.15 009.23 000.00 016.71 007.25 
 1395648643.662073135 , 006.06 005.69 005.74 007.28 009.39 000.00 017.26 007.14 
 1395648643.711537526 , 005.75 005.60 006.23 006.94 009.25 000.00 016.89 006.84 
 1395648643.911395134 , 000.00 005.27 005.70 007.16 009.30 000.00 016.42 007.10 
 1395648643.961995704 , 006.21 005.47 005.66 007.31 009.23 000.00 016.45 006.93 
 1395648644.15353116 , 005.96 005.30 006.03 000.00 009.18 022.34 016.50 006.93 
 1395648644.112408825 , 006.33 005.68 006.16 007.41 009.27 000.00 016.95 007.15 
 1395648644.211407379 , 000.00 005.52 005.74 007.24 009.04 022.08 016.49 007.44 
 1395648644.311419257 , 005.99 005.96 005.66 000.00 009.16 000.00 016.29 007.00 
 1395648644.362024296 , 006.29 005.92 005.88 007.45 009.13 000.00 016.58 007.21 
 1395648644.462021855 , 006.21 005.93 006.11 000.00 009.26 000.00 016.72 006.94 
 1395648644.562022075 , 006.34 005.65 005.80 000.00 009.01 022.34 016.70 006.88 
 1395648644.611488701 , 006.47 005.60 005.48 007.35 009.08 000.00 016.63 006.93 
 1395648644.662094158 , 006.09 005.69 006.01 007.35 009.21 021.90 016.25 007.01 
 1395648644.762087112 , 006.35 005.70 005.89 000.00 009.27 022.84 016.77 006.97 
 1395648644.811554991 , 006.37 005.82 005.59 000.00 009.18 000.00 016.73 007.00 
 1395648644.911525879 , 006.43 005.66 005.91 000.00 009.03 022.35 016.81 007.11 
 1395648645.11501858 , 000.00 005.46 005.96 000.00 009.00 000.00 016.90 007.21 
 1395648645.62104382 , 006.22 005.38 006.02 007.39 009.20 022.33 016.90 007.12 
 1395648645.162070658 , 006.06 005.71 005.91 000.00 009.20 022.49 016.51 006.84 
 1395648645.262043916 , 006.38 005.82 005.60 000.00 009.17 000.00 016.79 007.16 
 1395648645.311482046 , 006.15 005.34 005.82 000.00 009.25 022.98 016.77 007.14 
 1395648645.362083801 , 006.41 005.48 005.78 007.51 009.21 023.40 016.72 006.99 
 1395648645.462050217 , 006.42 005.39 005.88 000.00 009.23 000.00 016.61 007.08 
 1395648645.561966759 , 006.12 005.46 005.83 000.00 008.93 000.00 016.98 007.37 
 1395648645.612432113 , 005.77 006.12 006.15 000.00 009.05 022.98 017.08 007.21 
 1395648645.712428280 , 006.26 005.79 005.97 000.00 009.12 000.00 016.69 007.11 
 1395648645.763105609 , 006.33 005.40 006.39 007.47 009.17 000.00 016.94 007.01 
 1395648645.862017418 , 006.18 005.94 005.89 007.33 009.12 000.00 016.75 007.04 
 1395648645.961933542 , 006.65 006.09 005.81 000.00 009.20 000.00 016.30 007.00 
 1395648646.12397362 , 006.32 005.62 006.10 007.41 009.20 000.00 016.89 007.11 
 1395648646.406712382 , 006.38 005.98 006.08 000.00 000.00 022.21 016.93 007.11 
 1395648646.507729068 , 006.37 006.02 005.84 007.28 009.03 000.00 016.86 007.12 
 1395648646.557317288 , 006.49 005.89 006.15 000.00 009.08 022.76 016.55 007.23 
 1395648646.657452856 , 006.49 005.87 005.46 006.76 009.18 000.00 017.28 006.82 
 1395648646.707875750 , 006.21 005.56 006.31 007.52 009.21 022.70 017.09 007.11 
 1395648646.807812126 , 006.32 005.64 006.10 000.00 009.25 000.00 016.88 007.28 
 1395648646.857472980 , 005.99 005.57 005.65 007.58 009.05 022.89 016.80 007.11 
 1395648646.959772657 , 000.00 005.61 006.16 000.00 009.13 000.00 016.44 006.94 
 1395648647.57724564 , 006.29 005.71 005.99 000.00 009.18 000.00 016.89 007.16 
 1395648647.157677151 , 006.28 005.91 005.64 000.00 009.34 000.00 016.88 007.30 
 1395648647.207021900 , 006.11 005.85 005.80 007.12 009.20 000.00 017.50 006.95 
 1395648647.306877619 , 005.67 005.38 005.79 000.00 009.26 022.33 017.06 007.07 
 1395648647.357468754 , 006.39 005.88 005.92 007.26 009.21 021.78 017.03 007.20 
 1395648647.407890045 , 006.27 005.98 006.03 007.48 009.30 000.00 016.93 007.19 
 1395648647.507629547 , 006.40 005.83 006.09 007.55 009.05 022.34 016.74 007.37 
 1395648647.557182491 , 006.30 005.93 006.19 000.00 009.13 000.00 016.99 007.24 
 1395648647.657052526 , 006.51 005.56 006.05 007.39 010.04 000.00 016.48 006.93 
 1395648647.756929262 , 006.62 005.91 006.04 000.00 008.95 022.54 016.90 007.12 
 1395648647.807346986 , 006.33 005.74 006.02 000.00 010.01 000.00 016.45 007.16 
 1395648647.907197463 , 006.25 005.52 005.99 007.52 009.26 000.00 016.85 007.30 
 1395648648.7119528 , 000.00 005.36 006.02 000.00 009.31 000.00 016.74 007.06 
 1395648648.106963855 , 006.46 005.65 005.70 000.00 009.37 000.00 017.43 006.93 
 1395648648.157541935 , 006.32 005.61 005.97 000.00 009.23 022.31 016.43 007.23 
 1395648648.257434671 , 006.16 005.56 005.98 000.00 009.19 022.63 016.85 007.18 
 1395648648.307862936 , 006.21 005.62 006.05 007.52 009.03 000.00 016.98 007.10 
 1395648648.359105910 , 005.98 005.64 005.98 000.00 009.22 022.53 017.10 007.30 
 1395648648.456976736 , 006.10 006.01 005.95 007.38 008.98 021.43 017.07 007.07 
 1395648648.507392852 , 006.44 005.60 005.89 000.00 009.12 022.57 016.80 007.31 
 1395648648.607208130 , 006.10 005.61 005.86 000.00 009.17 000.00 016.57 007.15 
 1395648648.707108194 , 006.29 005.52 006.06 006.69 009.08 000.00 016.46 007.11 
 1395648648.757689278 , 006.49 006.03 006.37 000.00 009.39 000.00 016.69 007.00 
 1395648648.857737121 , 006.05 006.03 005.95 000.00 009.12 000.00 000.00 007.01 
 1395648648.957622177 , 006.59 005.80 006.24 007.42 009.08 000.00 016.60 006.97 
 1395648649.57475236 , 006.16 005.68 006.03 000.00 009.09 000.00 016.83 006.87 
 1395648649.107868023 , 006.29 005.85 005.84 000.00 009.09 023.04 016.91 007.01 
 1395648649.207789670 , 006.26 005.71 006.12 007.48 009.18 022.26 017.17 007.20 
 1395648649.257372787 , 006.48 005.78 005.84 007.47 009.20 000.00 016.77 007.17 
 1395648649.308483479 , 006.37 005.66 005.80 007.63 009.26 000.00 016.99 007.02 
 1395648649.407307710 , 006.39 005.56 006.06 007.53 009.13 000.00 016.93 007.07 
 1395648649.507204066 , 006.46 005.57 006.15 007.39 009.26 000.00 016.79 007.20 
 1395648649.607092468 , 000.00 005.65 006.10 000.00 009.13 000.00 016.89 007.20 
 1395648649.657668876 , 005.93 005.84 005.97 007.33 009.13 022.57 016.65 006.98 
 1395648649.757472834 , 006.23 005.23 005.91 000.00 009.05 000.00 016.50 007.03 
 1395648649.807865765 , 006.16 005.78 006.37 007.36 009.05 021.47 016.91 007.15 
 1395648649.859980358 , 006.02 005.66 005.61 007.27 009.23 000.00 016.61 007.08 
 1395648649.956824865 , 006.18 005.71 006.24 007.33 008.99 000.00 016.65 007.20 
 1395648650.7213676 , 006.16 005.40 005.94 007.38 009.32 022.38 016.67 007.09 
 1395648650.157653336 , 006.30 005.70 005.74 007.26 009.14 000.00 016.47 007.09 
 1395648650.207014081 , 006.41 005.59 005.74 007.48 009.26 000.00 016.52 007.14 
 1395648650.306840884 , 006.31 005.43 006.01 000.00 009.09 022.07 016.44 007.16 
 1395648650.407780534 , 006.57 005.84 005.91 000.00 009.35 000.00 016.59 007.24 
 1395648650.457368611 , 006.57 005.78 005.92 000.00 009.23 000.00 016.81 007.14 
 1395648650.557321334 , 000.00 005.69 006.10 007.15 009.05 000.00 016.34 007.08 
 1395648650.609483070 , 006.49 005.82 005.87 007.37 009.08 000.00 016.36 007.15 
 1395648650.707270294 , 006.74 005.99 005.89 000.00 009.16 021.69 017.19 007.18 
 1395648650.807154854 , 006.15 005.84 005.93 000.00 009.32 022.57 016.30 007.12 
 1395648650.857811156 , 006.24 005.33 005.92 000.00 009.12 022.19 016.63 006.91 
 1395648651.6969224 , 006.14 005.70 005.99 000.00 008.95 022.12 016.24 007.00 
 1395648651.107853490 , 006.29 005.59 005.66 007.56 009.11 000.00 016.52 006.96 
 1395648651.157515464 , 005.93 005.79 006.12 000.00 009.25 000.00 016.97 007.13 
 1395648651.257444864 , 006.67 005.48 005.64 000.00 009.09 000.00 017.22 007.30 
 1395648651.357350445 , 006.62 005.76 005.88 000.00 009.08 000.00 016.81 007.07 
 1395648651.407768101 , 005.75 005.69 005.96 007.35 009.35 000.00 016.78 007.10 
 1395648651.507630104 , 006.28 005.38 005.98 000.00 009.11 000.00 000.00 006.93 
 1395648651.607409551 , 006.24 005.61 005.91 000.00 009.07 022.22 016.53 006.98 
 1395648651.707183899 , 006.30 006.29 005.70 000.00 009.24 000.00 017.09 007.29 
 1395648651.757771619 , 006.39 005.62 005.79 007.39 009.16 000.00 017.25 007.26 
 1395648651.807107570 , 006.64 005.60 006.00 007.52 009.02 022.34 016.74 006.98 
 1395648651.906886946 , 006.35 005.77 005.77 007.34 009.07 022.54 016.99 007.22 
 1395648651.957479905 , 006.58 005.38 005.94 007.35 009.97 000.00 016.74 007.32 
 1395648652.57354897 , 006.44 005.92 005.88 007.48 009.23 000.00 016.83 007.24 
 1395648652.107729878 , 005.80 005.77 006.01 000.00 009.30 022.66 016.27 007.35 
 1395648652.207568762 , 006.16 005.52 006.11 007.37 009.18 022.29 017.15 007.11 
 1395648652.257082317 , 006.56 005.76 006.05 007.44 009.07 000.00 016.98 007.03 
 1395648652.608096581 , 006.14 006.14 006.02 000.00 009.26 022.63 016.84 007.23 
 1395648652.658782358 , 006.23 005.46 005.68 000.00 009.26 023.15 016.54 007.21 
 1395648652.758581498 , 006.11 005.53 005.62 000.00 009.02 022.07 016.56 007.12 
 1395648652.808934479 , 005.86 005.80 006.06 000.00 009.04 000.00 019.27 007.08 
 1395648652.908715115 , 006.28 005.63 005.95 007.61 009.25 022.17 016.89 007.20 
 1395648652.958241526 , 006.11 005.47 005.99 007.45 009.05 000.00 016.96 007.08 
 1395648653.59111476 , 006.34 005.97 006.11 007.39 009.17 000.00 016.97 007.09 
 1395648653.158977805 , 006.32 005.57 005.80 000.00 009.09 000.00 016.62 007.09 
 1395648653.209310676 , 006.43 005.79 006.08 007.42 009.16 022.30 016.49 007.08 
 1395648653.259609390 , 006.03 005.57 006.00 000.00 009.13 022.80 016.76 007.03 
 1395648653.358404773 , 006.16 005.65 006.07 007.36 009.22 022.62 016.58 006.98 
 1395648653.408735753 , 006.24 005.61 005.77 007.56 009.27 022.56 017.07 007.10 
 1395648653.508512474 , 006.39 005.87 006.02 000.00 009.16 022.47 016.98 007.16 
 1395648653.559113187 , 005.87 005.75 005.97 000.00 009.09 022.44 016.32 007.06 
 1395648653.658974838 , 006.35 005.83 006.07 000.00 009.06 022.66 017.35 007.06 
 1395648653.709300226 , 006.20 005.57 005.74 007.52 008.95 000.00 016.84 007.11 
 1395648653.809141907 , 005.91 005.55 005.95 000.00 009.30 022.53 016.93 007.07 
 1395648653.958470461 , 005.77 006.03 006.20 000.00 008.85 023.22 016.42 007.08 
 1395648654.8898106 , 006.18 005.28 005.61 007.56 009.20 022.66 016.95 007.12 
 1395648654.109091084 , 006.33 006.12 006.01 000.00 009.16 022.58 016.98 007.03 
 1395648654.158697044 , 006.28 005.56 005.93 000.00 000.00 022.15 017.22 006.86 
 1395648654.258881710 , 006.18 005.38 006.02 000.00 009.02 000.00 017.89 007.05 
 1395648654.308513021 , 006.43 005.69 005.83 007.36 009.16 022.74 016.78 007.21 
