 1395651753.101865522 , 007.93 000.00 008.12 004.64 004.87 002.74 015.11 000.00 
 1395651753.199105126 , 007.94 000.00 008.30 004.86 005.04 002.50 015.26 000.00 
 1395651753.298180226 , 007.98 000.00 008.12 004.43 004.69 002.91 015.11 000.00 
 1395651753.398284716 , 008.16 000.00 008.16 004.61 005.09 002.58 015.12 000.00 
 1395651753.498390737 , 008.03 000.00 008.16 004.64 004.57 003.13 015.03 000.00 
 1395651753.549032375 , 008.01 012.23 008.31 004.78 005.06 002.56 015.22 000.00 
 1395651753.648123396 , 007.74 000.00 008.49 004.36 004.69 003.06 015.45 000.00 
 1395651753.748218944 , 007.93 000.00 008.20 004.67 005.03 002.97 015.22 000.00 
 1395651753.848318616 , 007.89 000.00 008.02 004.60 004.83 002.91 015.19 013.73 
 1395651753.898966818 , 008.31 012.32 008.21 004.60 004.89 002.53 015.17 013.63 
 1395651753.948586045 , 008.07 012.62 008.15 004.32 004.91 002.29 015.06 013.39 
 1395651753.998139554 , 008.12 012.70 007.93 004.68 004.83 002.60 014.81 013.55 
 1395651754.98238599 , 007.78 012.65 008.12 004.42 005.27 003.02 015.09 014.03 
 1395651754.148860185 , 008.12 012.77 008.24 004.43 005.07 003.33 015.05 000.00 
 1395651754.198414605 , 008.02 012.72 008.22 004.42 004.60 003.01 015.27 013.38 
 1395651754.251974904 , 008.02 012.32 008.49 004.65 005.01 002.76 015.03 000.00 
 1395651754.348043338 , 008.11 012.88 008.34 004.70 005.01 003.00 015.39 000.00 
 1395651754.448136931 , 007.93 013.38 008.22 004.64 005.00 002.62 015.47 000.00 
 1395651754.498778639 , 007.85 012.88 008.31 004.63 005.04 003.28 015.21 000.00 
 1395651754.598916933 , 008.14 013.06 008.38 004.42 004.95 002.39 015.35 000.00 
 1395651754.648538183 , 007.80 012.75 007.99 004.85 004.87 003.05 015.45 000.00 
 1395651754.748631499 , 008.02 011.96 008.50 004.75 004.87 003.13 015.31 000.00 
 1395651754.798183959 , 008.03 012.47 008.39 004.56 004.87 002.76 015.49 000.00 
 1395651754.898841310 , 008.09 000.00 008.24 004.62 005.20 002.78 015.47 000.00 
 1395651754.998941406 , 007.84 012.46 008.39 004.98 004.77 002.72 015.49 000.00 
 1395651755.48562588 , 007.84 012.67 008.17 004.81 004.65 002.92 015.69 000.00 
 1395651755.148658763 , 007.97 000.00 008.40 004.60 005.06 002.87 015.66 000.00 
 1395651755.198211364 , 007.81 012.60 008.38 004.42 004.83 002.94 016.00 000.00 
 1395651755.298309634 , 007.93 012.71 008.27 004.66 004.84 002.58 015.91 000.00 
 1395651755.348931652 , 008.14 013.39 008.12 004.50 004.85 002.55 015.68 000.00 
 1395651755.449114710 , 008.02 013.16 008.29 004.65 005.02 002.58 015.60 000.00 
 1395651755.548219144 , 007.83 000.00 008.45 004.34 004.98 002.65 015.82 000.00 
 1395651755.598850655 , 007.95 013.06 008.38 004.68 005.05 002.96 015.85 000.00 
 1395651755.648495164 , 007.93 013.00 008.11 004.33 005.03 002.54 015.84 013.37 
 1395651755.748590292 , 007.89 000.00 008.15 004.42 005.08 002.83 016.04 000.00 
 1395651755.848680396 , 007.99 013.26 008.22 004.86 004.81 002.80 015.88 000.00 
 1395651755.898232994 , 007.81 013.08 008.52 004.69 005.11 003.04 015.84 000.00 
 1395651755.948852982 , 007.90 012.76 008.20 004.40 004.91 002.71 015.70 013.80 
 1395651756.48951184 , 007.93 013.03 008.56 004.40 005.06 002.72 015.69 000.00 
 1395651756.98596533 , 008.12 012.85 008.45 004.78 004.86 002.86 015.72 000.00 
 1395651756.198696204 , 007.93 013.06 008.11 004.53 004.91 002.58 015.74 000.00 
 1395651756.248240911 , 007.93 012.50 008.30 004.88 005.00 002.73 015.49 013.83 
 1395651756.300474859 , 007.99 012.89 008.60 004.79 004.79 002.83 015.88 014.17 
 1395651756.398647814 , 007.99 013.42 008.33 004.91 004.97 002.60 015.58 013.82 
 1395651756.448196922 , 008.02 013.66 008.48 004.42 004.91 002.86 015.58 013.65 
 1395651756.498822635 , 007.99 012.41 008.17 004.89 004.86 003.05 015.57 013.41 
 1395651756.548373006 , 008.02 013.10 008.08 005.05 005.07 002.35 015.57 013.41 
 1395651756.599016947 , 007.85 012.79 008.26 004.61 005.03 002.58 015.57 013.65 
 1395651756.698116415 , 008.16 012.52 008.42 004.73 004.83 002.46 015.62 013.80 
 1395651756.748757842 , 007.96 012.61 008.11 004.72 004.96 002.66 015.62 013.52 
 1395651756.798328804 , 007.92 012.52 008.11 004.32 005.23 002.84 015.42 013.88 
 1395651756.849015212 , 007.92 012.97 008.27 004.46 004.93 003.24 015.61 013.57 
 1395651756.948146396 , 008.03 012.82 008.31 004.47 004.78 002.85 015.45 000.00 
 1395651756.998793342 , 008.10 012.46 008.40 004.76 004.88 002.97 015.36 013.60 
 1395651757.48345447 , 007.97 013.84 008.53 004.32 004.91 002.84 015.59 013.70 
 1395651757.98981564 , 007.84 013.29 008.26 004.73 004.91 002.86 015.47 000.00 
 1395651757.198080417 , 008.03 012.83 008.40 004.40 004.93 002.74 015.55 013.38 
 1395651757.248715628 , 008.00 013.25 008.57 004.31 004.86 002.45 015.13 013.59 
 1395651757.298271922 , 008.03 013.29 008.53 004.91 004.89 002.80 015.39 013.41 
 1395651757.348891703 , 008.09 012.98 008.11 004.56 004.92 000.00 015.59 013.83 
 1395651757.449058417 , 007.95 012.88 008.15 004.56 004.76 002.91 015.42 000.00 
 1395651757.498686376 , 008.02 013.47 008.38 005.10 005.03 003.25 015.32 013.75 
 1395651757.548234787 , 008.08 012.48 008.30 004.87 004.87 002.72 015.37 013.89 
 1395651757.599477546 , 008.09 012.49 008.38 004.31 005.01 002.98 015.45 014.02 
 1395651757.698654056 , 008.16 013.09 008.17 004.69 004.82 003.12 015.34 013.71 
 1395651757.748198970 , 008.15 012.83 008.22 004.82 005.16 002.93 015.44 013.71 
 1395651757.798829080 , 007.94 012.35 008.16 004.83 005.02 002.87 015.51 013.39 
 1395651757.848375670 , 007.94 012.46 008.40 004.72 005.09 002.83 015.75 013.87 
 1395651757.899001599 , 008.07 013.37 008.36 004.66 005.03 002.59 015.34 013.62 
 1395651757.948630815 , 007.85 013.23 008.35 004.67 004.83 002.60 015.24 013.51 
 1395651758.48568798 , 008.02 013.86 008.21 004.82 004.69 002.44 015.26 013.52 
 1395651758.98161977 , 007.89 012.86 008.40 004.69 004.99 003.26 015.79 013.64 
 1395651758.423077740 , 007.97 012.53 008.32 004.77 004.91 003.09 015.35 013.50 
 1395651758.473664761 , 008.11 012.84 008.43 004.81 004.92 002.85 015.71 013.71 
 1395651758.573676293 , 008.06 012.86 008.60 004.86 005.01 003.41 015.61 013.60 
 1395651758.624278326 , 008.12 012.76 008.42 004.42 005.05 002.86 015.61 014.38 
 1395651758.673758432 , 008.13 012.64 008.48 004.34 005.25 003.08 015.66 000.00 
 1395651758.723278697 , 007.99 012.37 008.38 004.73 004.98 003.07 015.61 013.94 
 1395651758.779804247 , 008.17 012.54 008.57 004.65 004.97 003.04 015.52 014.21 
 1395651758.873708925 , 008.29 012.01 008.20 004.43 005.00 002.62 015.33 013.80 
 1395651758.923227936 , 007.98 012.43 008.31 004.63 004.93 002.70 015.69 013.98 
 1395651758.973699647 , 007.97 012.08 008.21 004.87 004.96 002.58 015.61 013.90 
 1395651759.23242050 , 008.11 012.24 008.26 004.69 004.93 003.26 015.53 013.87 
 1395651759.124240576 , 008.08 012.61 008.45 004.69 004.95 002.69 015.25 013.74 
 1395651759.173649652 , 008.13 012.59 008.51 004.86 004.65 002.92 015.43 013.53 
 1395651759.227648000 , 008.01 012.97 008.11 004.52 005.16 003.19 000.00 013.55 
 1395651759.323495803 , 008.04 012.47 008.08 004.67 004.87 003.05 015.52 013.50 
 1395651759.373987975 , 008.04 012.34 008.11 004.46 004.49 003.17 015.42 000.00 
 1395651759.423539951 , 008.02 012.84 008.24 004.58 004.95 003.08 015.65 013.46 
 1395651759.523461874 , 007.95 012.79 008.35 004.43 004.96 003.31 015.84 013.71 
 1395651759.573940639 , 007.89 012.65 008.08 004.91 004.90 002.57 015.90 000.00 
 1395651759.623455596 , 007.90 012.80 008.64 004.47 004.83 002.60 015.75 013.75 
 1395651759.723267798 , 007.99 012.85 008.39 004.91 004.86 002.82 015.79 000.00 
 1395651759.773745866 , 008.00 013.03 007.94 004.77 004.92 002.45 015.60 013.33 
 1395651759.823262147 , 007.99 012.86 008.12 004.68 004.87 002.55 015.64 013.52 
 1395651759.873743853 , 008.24 012.24 008.26 004.54 004.97 002.84 015.58 013.42 
 1395651759.923275216 , 007.93 012.68 008.27 004.72 005.01 003.30 015.71 013.42 
 1395651759.973749372 , 008.20 013.99 008.65 004.76 005.07 002.91 015.76 013.78 
 1395651760.73640495 , 008.26 013.19 008.33 004.41 004.94 002.96 015.43 013.50 
 1395651760.124236386 , 007.93 000.00 008.16 004.82 004.63 002.68 015.52 013.69 
 1395651760.173599714 , 008.08 013.72 008.49 004.77 004.92 002.72 015.80 013.42 
 1395651760.224197422 , 008.03 013.14 008.35 004.58 004.56 003.12 015.71 013.43 
 1395651760.373643315 , 008.11 012.73 008.13 004.33 004.88 000.00 015.48 013.92 
 1395651760.425470014 , 008.27 012.82 008.44 004.69 004.97 002.95 015.57 013.76 
 1395651760.523364096 , 008.30 012.76 008.11 004.75 004.81 002.70 015.62 013.33 
 1395651760.573814086 , 008.22 012.82 008.66 004.68 004.88 002.83 015.60 013.24 
 1395651760.623329881 , 008.12 013.39 008.73 004.56 005.11 003.27 015.74 013.37 
 1395651760.673696064 , 008.10 013.00 008.40 004.52 004.77 003.20 015.75 013.46 
 1395651760.723217514 , 007.94 013.62 008.12 004.86 004.97 002.96 015.48 013.51 
 1395651760.773664988 , 008.32 013.43 008.17 004.68 005.11 002.28 015.61 013.60 
 1395651760.828217529 , 008.17 013.09 008.14 004.91 004.88 003.06 015.62 013.70 
 1395651760.924184550 , 008.34 013.03 008.06 000.00 004.94 002.68 015.83 013.19 
 1395651760.973634411 , 007.94 012.54 008.04 004.86 004.63 003.10 015.68 013.78 
 1395651761.24232541 , 008.04 013.23 008.08 004.79 004.88 002.45 015.31 014.15 
 1395651761.74968322 , 008.11 013.14 008.10 004.51 004.97 002.82 015.53 014.08 
 1395651761.173782774 , 008.26 012.36 008.31 004.60 004.74 002.53 015.69 013.66 
 1395651761.223303875 , 008.38 013.45 008.03 004.81 005.03 003.32 015.57 013.64 
 1395651761.273745831 , 008.04 012.30 008.14 004.46 005.09 002.58 015.31 013.56 
 1395651761.323265886 , 007.98 013.00 008.13 004.43 004.82 002.94 015.46 013.37 
 1395651761.373708403 , 008.25 012.89 008.57 004.78 004.70 002.81 015.48 013.37 
 1395651761.425720672 , 008.27 013.62 008.25 004.38 004.88 003.38 015.43 013.45 
 1395651761.523663155 , 007.99 012.92 008.16 004.41 004.97 002.67 015.52 013.55 
 1395651761.574089056 , 008.20 000.00 008.38 004.46 004.88 002.60 015.58 013.48 
 1395651761.623682651 , 008.11 012.68 008.25 004.70 004.88 002.55 015.52 013.51 
 1395651761.674069716 , 007.97 013.38 008.39 004.84 004.92 002.43 015.62 013.79 
 1395651761.774017896 , 008.22 012.21 008.29 004.78 005.16 003.41 015.69 013.76 
 1395651761.823535782 , 008.29 012.62 008.25 004.66 004.90 002.30 015.63 014.11 
 1395651761.873952395 , 008.26 012.79 008.21 004.48 004.79 003.14 015.47 014.49 
 1395651761.923468050 , 008.06 012.75 008.31 004.47 004.93 002.96 015.72 014.15 
 1395651762.23335288 , 008.27 000.00 008.21 004.48 004.84 002.81 015.52 013.70 
 1395651762.73756153 , 008.15 012.66 008.27 004.45 005.24 003.18 015.57 013.48 
 1395651762.123270895 , 008.04 013.61 008.16 004.69 004.84 003.14 015.46 013.65 
 1395651762.224161244 , 008.22 000.00 008.54 004.58 005.03 002.66 015.50 013.93 
 1395651762.273583245 , 008.16 013.19 008.50 004.65 005.09 002.75 015.65 000.00 
 1395651762.373479179 , 007.93 013.20 007.97 004.70 004.99 002.95 015.51 000.00 
 1395651762.424072769 , 008.35 012.85 008.21 004.66 004.91 002.72 015.57 013.82 
 1395651762.473483796 , 008.13 012.25 008.58 004.55 004.92 003.28 015.50 013.56 
 1395651762.573360257 , 008.04 012.96 008.70 004.21 004.91 002.42 015.66 013.80 
 1395651762.623979191 , 008.08 013.16 008.38 004.50 004.77 002.67 015.34 000.00 
 1395651762.673284142 , 008.08 012.97 008.50 004.52 004.88 002.99 015.67 000.00 
 1395651762.774237901 , 008.24 012.93 008.26 004.74 005.18 003.12 015.56 000.00 
 1395651762.823830728 , 008.21 013.19 008.39 004.45 005.18 002.94 015.45 013.75 
 1395651762.923747131 , 008.17 013.45 008.35 004.69 004.82 002.60 015.73 014.10 
 1395651762.974148796 , 008.17 013.10 008.32 004.35 005.15 003.09 015.71 013.43 
 1395651763.23741835 , 008.22 013.86 008.56 004.51 004.88 002.87 015.91 013.35 
 1395651763.74135814 , 008.20 012.99 008.47 004.66 005.09 003.17 015.70 013.34 
 1395651763.123730737 , 008.07 012.74 008.68 004.60 004.98 002.84 015.58 013.53 
 1395651763.177470666 , 008.10 013.24 008.48 004.53 004.87 002.53 015.65 013.51 
 1395651763.273305130 , 008.03 012.94 008.45 004.73 005.10 003.24 015.63 013.78 
 1395651763.323927772 , 008.20 013.34 008.41 004.69 004.87 003.21 015.74 013.87 
 1395651763.373248290 , 008.34 012.46 008.15 004.37 005.10 002.62 015.47 013.85 
 1395651763.423870295 , 008.01 013.39 008.77 004.47 005.27 002.89 015.94 013.51 
 1395651763.475343816 , 008.08 013.06 008.48 004.65 004.93 002.55 015.84 013.70 
 1395651763.574276857 , 008.04 013.05 008.59 004.46 005.25 002.62 015.70 013.56 
 1395651763.623870661 , 008.03 012.80 008.29 004.60 004.91 002.80 015.74 013.50 
 1395651763.674218544 , 008.04 012.32 008.29 004.27 005.11 002.97 015.65 013.66 
 1395651763.723816682 , 008.26 012.22 008.51 004.42 005.00 003.18 015.84 013.57 
 1395651763.774214084 , 008.30 013.16 008.39 004.41 005.01 002.57 015.49 013.50 
 1395651763.823970550 , 007.98 012.42 008.42 004.74 005.00 002.87 015.50 013.45 
 1395651763.923809569 , 008.17 013.45 008.97 004.51 005.14 002.85 015.54 013.47 
 1395651763.974184622 , 008.03 013.12 008.81 004.63 004.78 002.69 015.71 013.44 
 1395651764.23776402 , 008.04 012.74 008.44 004.69 004.83 002.86 015.66 013.55 
 1395651764.74141817 , 008.17 012.97 008.80 004.92 004.88 002.96 015.68 013.37 
 1395651764.123732548 , 008.02 013.39 008.48 004.50 005.07 003.01 015.47 013.74 
 1395651764.174078824 , 008.49 014.33 008.97 004.22 004.88 002.89 015.51 013.74 
 1395651764.273974908 , 008.27 013.79 008.60 004.60 004.75 002.86 015.57 013.82 
 1395651764.323532116 , 008.32 013.09 008.61 004.72 004.82 002.77 015.90 013.56 
 1395651764.623346437 , 008.25 013.83 008.45 004.65 005.17 002.94 015.85 013.27 
 1395651764.673753126 , 008.21 013.40 008.38 004.74 004.88 002.78 015.67 013.47 
 1395651764.724072301 , 008.15 012.59 008.57 004.56 005.11 003.02 015.43 013.51 
 1395651764.774427304 , 008.04 013.06 008.29 004.75 004.93 002.77 015.84 014.03 
 1395651764.824030613 , 008.18 013.10 008.63 004.79 004.72 002.87 015.59 013.47 
 1395651764.874393514 , 008.09 012.68 008.34 004.64 004.93 003.14 015.58 013.43 
 1395651764.923874803 , 008.06 013.09 008.33 004.40 005.09 002.96 015.80 013.44 
 1395651765.23732476 , 008.07 012.84 008.24 004.50 005.23 002.50 015.48 013.35 
 1395651765.74094605 , 008.07 013.67 008.39 004.36 000.00 003.07 015.63 013.74 
 1395651765.123643576 , 008.02 013.43 008.13 004.54 004.68 002.84 015.47 013.56 
 1395651765.273802320 , 008.17 013.06 008.43 004.36 004.77 003.04 015.84 013.59 
 1395651765.324410585 , 008.12 012.66 008.45 004.50 004.91 003.18 015.93 013.20 
 1395651765.373753521 , 007.97 013.39 008.13 005.06 004.87 002.80 015.95 013.75 
 1395651765.424391669 , 007.93 012.73 008.55 004.60 004.61 002.96 015.78 013.74 
 1395651765.473766380 , 008.25 013.72 008.31 004.63 004.92 002.86 015.93 013.55 
 1395651765.524721947 , 008.39 012.53 008.44 004.34 005.06 002.81 015.89 013.46 
 1395651765.624493087 , 008.08 012.09 008.29 004.86 004.91 002.62 015.62 013.50 
 1395651765.673848385 , 007.95 012.88 008.35 004.70 004.81 002.94 015.74 013.82 
 1395651765.724447907 , 008.31 012.99 008.25 004.61 005.07 002.72 015.97 013.14 
 1395651765.773785677 , 008.07 012.68 008.31 004.51 004.75 002.73 015.71 013.80 
 1395651765.824470613 , 008.18 012.83 008.32 004.83 004.70 002.70 015.79 013.43 
 1395651765.924310404 , 008.06 012.32 008.35 004.54 005.02 002.56 015.77 013.50 
 1395651765.973566388 , 007.99 012.59 008.20 004.50 004.77 002.95 015.74 013.07 
 1395651766.24162765 , 008.19 012.02 008.55 004.50 004.77 003.34 015.62 013.57 
 1395651766.74481803 , 008.11 012.52 008.50 004.61 004.68 003.23 015.86 013.58 
 1395651766.124077704 , 007.90 012.48 008.33 004.77 004.77 002.95 015.75 013.35 
 1395651766.174398144 , 008.18 012.98 008.31 004.49 004.64 002.36 015.80 013.38 
 1395651766.228218394 , 008.17 012.38 008.27 004.56 004.55 002.55 015.57 013.05 
 1395651766.324024154 , 008.11 012.26 008.34 004.40 004.92 002.74 015.70 013.53 
 1395651766.374352201 , 007.95 013.12 008.33 004.68 004.73 002.96 015.68 013.67 
 1395651766.423945101 , 008.03 012.92 008.41 004.45 005.16 002.68 015.45 013.50 
 1395651766.474259739 , 008.10 013.48 008.54 004.41 004.68 002.79 015.51 013.62 
 1395651766.523776928 , 007.95 013.23 008.17 004.63 004.74 002.85 015.60 013.34 
 1395651766.574114758 , 008.06 012.51 008.35 004.65 004.84 002.69 015.62 013.70 
 1395651766.673886522 , 008.00 013.43 008.41 004.43 005.22 003.13 015.52 013.26 
 1395651766.724483386 , 007.95 013.69 008.39 004.41 005.15 002.99 015.47 014.12 
 1395651766.773860125 , 007.89 013.77 008.35 004.33 004.79 002.97 015.44 013.52 
 1395651766.824457272 , 008.07 012.87 008.30 004.41 004.88 002.45 015.53 013.96 
 1395651766.873770806 , 007.79 012.75 008.21 004.33 005.03 002.63 015.49 013.55 
 1395651766.924396658 , 008.08 013.09 008.16 004.58 004.82 002.78 015.48 013.48 
 1395651767.24228626 , 008.10 012.77 008.27 004.87 005.18 002.90 015.52 013.58 
 1395651767.73484191 , 008.03 012.92 008.22 004.54 005.00 002.87 015.71 013.41 
 1395651767.124080362 , 007.96 013.43 008.06 004.59 004.96 002.70 015.72 013.60 
 1395651767.174394302 , 007.89 013.23 008.12 004.66 005.06 002.74 015.68 013.52 
 1395651767.223997537 , 007.99 013.07 008.44 004.61 005.00 002.82 015.66 013.51 
 1395651767.274306585 , 008.09 012.70 008.19 004.79 004.76 002.60 015.67 013.32 
 1395651767.324471975 , 008.09 012.62 008.25 004.45 004.94 003.07 015.57 013.75 
 1395651767.424292631 , 007.89 013.05 008.10 004.74 005.19 003.13 015.66 013.57 
 1395651767.473491344 , 008.02 013.16 008.27 004.64 004.85 002.82 015.67 013.60 
 1395651767.524086389 , 008.07 013.62 008.25 004.58 004.90 002.61 015.74 013.43 
 1395651767.574389024 , 008.08 012.97 008.22 004.63 004.85 003.00 015.72 013.75 
 1395651767.623984784 , 008.03 013.28 008.03 004.68 005.15 002.78 015.66 014.07 
 1395651767.674283431 , 007.90 013.36 008.24 004.51 004.78 003.13 015.66 013.65 
 1395651767.725095335 , 008.06 013.30 008.21 004.45 005.09 003.04 015.60 013.56 
 1395651767.823840083 , 007.92 013.07 008.34 004.66 005.18 002.55 015.83 013.52 
 1395651767.874140966 , 007.88 013.53 008.43 004.65 004.78 003.25 015.89 013.67 
 1395651767.923660672 , 008.16 013.17 008.23 004.43 005.19 002.80 015.75 013.84 
 1395651767.974037121 , 008.02 012.49 008.36 004.61 004.73 003.05 015.90 013.80 
 1395651768.23567861 , 008.07 013.72 008.30 004.56 005.09 002.91 015.84 013.67 
 1395651768.123663824 , 007.88 000.00 008.27 004.64 005.37 002.70 015.85 013.25 
 1395651768.174313700 , 007.99 013.42 008.24 004.43 004.68 002.72 015.68 013.24 
 1395651768.223847306 , 008.01 013.45 008.29 004.57 005.11 002.85 015.82 013.69 
