 1395652201.412734256 , 009.85 015.37 003.92 006.79 026.19 011.20 005.65 008.06 
 1395652201.512946022 , 010.19 014.97 003.77 006.61 025.94 011.37 005.57 008.06 
 1395652201.563607421 , 009.96 015.34 003.56 006.92 026.17 011.77 005.34 007.93 
 1395652201.613136418 , 009.76 014.63 004.09 006.77 026.19 011.61 005.42 007.92 
 1395652201.662700541 , 009.98 015.15 003.87 007.00 025.66 012.68 005.36 008.35 
 1395652201.713320384 , 010.00 014.88 003.88 006.84 026.07 011.16 005.20 008.16 
 1395652201.813435772 , 010.08 014.46 004.00 006.52 025.76 000.00 005.98 008.04 
 1395652201.862972378 , 010.00 014.28 003.65 006.93 026.35 011.54 005.57 007.91 
 1395652201.913455822 , 010.04 014.97 003.91 006.44 026.10 011.20 005.94 008.02 
 1395652201.963067858 , 009.84 014.85 003.86 006.90 026.08 011.65 005.32 007.92 
 1395652202.12615569 , 009.95 014.98 003.68 006.98 026.16 011.46 005.70 008.26 
 1395652202.67687866 , 009.62 014.87 003.55 006.92 026.93 011.50 005.33 008.25 
 1395652202.162685142 , 009.93 015.30 003.91 006.71 025.62 011.73 005.66 008.15 
 1395652202.213311274 , 009.89 014.72 003.74 006.92 025.47 011.61 005.51 008.03 
 1395652202.262914929 , 009.85 015.62 003.78 006.75 025.44 010.94 005.37 007.77 
 1395652202.313488954 , 009.87 015.63 003.93 006.92 025.38 011.28 005.71 008.17 
 1395652202.363099524 , 009.86 016.10 003.82 006.87 026.40 011.36 005.88 008.33 
 1395652202.416437104 , 009.91 015.83 003.92 006.67 025.69 011.88 005.59 008.07 
 1395652202.513485898 , 009.94 016.62 004.08 006.80 026.78 011.08 005.33 008.45 
 1395652202.563097722 , 009.91 015.79 003.40 006.75 026.10 011.31 005.64 008.08 
 1395652202.613617136 , 009.77 016.56 003.65 006.73 026.00 011.44 005.18 008.29 
 1395652202.663229588 , 009.84 016.21 003.76 006.65 025.86 011.79 005.56 008.24 
 1395652202.763326534 , 009.76 000.00 003.95 006.78 026.35 011.21 005.78 008.14 
 1395652202.812870056 , 009.91 016.48 003.59 006.78 026.06 000.00 005.29 008.17 
 1395652202.863507991 , 010.00 016.57 003.60 006.94 026.12 011.54 005.69 008.33 
 1395652202.915061333 , 009.74 016.17 003.78 006.83 026.99 011.31 005.87 008.40 
 1395652203.13219905 , 009.87 016.03 003.86 006.74 026.10 012.00 005.65 008.38 
 1395652203.62781585 , 010.03 015.81 003.73 006.98 026.14 011.15 005.84 008.31 
 1395652203.113298416 , 010.02 016.51 004.08 006.80 026.00 011.35 005.40 008.07 
 1395652203.162874693 , 009.82 015.56 003.76 006.97 026.04 011.36 005.94 008.00 
 1395652203.213487619 , 009.93 014.83 003.56 006.78 026.37 011.63 005.63 008.39 
 1395652203.267810661 , 009.92 015.33 003.74 006.89 025.98 011.19 005.61 007.94 
 1395652203.362878967 , 009.99 015.90 003.70 006.96 026.12 012.00 005.74 008.34 
 1395652203.413487638 , 009.92 015.02 003.92 006.71 025.95 011.36 005.75 008.06 
 1395652203.463096459 , 010.18 015.24 003.99 006.70 025.85 011.28 005.59 007.92 
 1395652203.512639350 , 009.89 015.11 003.81 006.65 026.33 011.51 005.77 008.07 
 1395652203.563276447 , 010.06 014.97 003.51 006.73 026.17 011.74 005.73 008.13 
 1395652203.712724289 , 010.06 016.01 003.81 006.97 026.27 011.41 005.65 008.33 
 1395652203.763362015 , 010.13 015.58 003.81 006.89 026.14 011.60 005.47 008.14 
 1395652203.812917201 , 009.91 015.48 003.97 006.71 025.96 011.27 005.45 008.30 
 1395652203.863566027 , 010.03 014.88 003.63 006.70 026.23 011.29 005.36 008.27 
 1395652203.913187840 , 010.10 015.56 003.93 007.07 026.17 011.04 005.33 008.10 
 1395652203.963312373 , 010.04 015.08 003.64 006.56 026.01 011.62 005.46 008.25 
 1395652204.63408760 , 010.04 014.91 003.84 006.73 026.02 011.52 005.52 008.02 
 1395652204.112828940 , 010.04 015.35 003.47 006.69 026.06 011.45 005.82 008.24 
 1395652204.163468969 , 010.09 015.62 004.05 006.65 026.33 011.56 005.88 007.93 
 1395652204.213086454 , 010.07 015.33 003.45 006.89 025.95 011.54 005.51 008.04 
 1395652204.262661471 , 010.00 015.50 003.44 006.57 025.88 011.86 005.41 008.29 
 1395652204.362760236 , 009.96 015.68 003.90 006.89 026.00 012.08 005.84 008.16 
 1395652204.413387621 , 010.02 015.72 003.71 006.69 026.08 011.24 005.79 008.16 
 1395652204.763587113 , 009.91 015.22 003.85 006.83 026.13 011.40 005.62 008.02 
 1395652204.814133412 , 010.12 015.44 003.85 006.61 025.86 011.16 005.68 008.09 
 1395652204.866562221 , 009.83 015.49 004.08 006.85 025.83 011.21 005.40 008.17 
 1395652204.964641102 , 009.95 015.08 003.86 006.70 026.12 011.35 005.59 008.34 
 1395652205.14275697 , 009.83 014.91 003.82 006.90 026.62 011.19 005.84 007.97 
 1395652205.63823339 , 010.02 015.94 003.47 007.08 026.28 011.47 005.67 007.92 
 1395652205.114467488 , 009.86 016.20 003.68 006.86 026.35 011.29 005.74 008.16 
 1395652205.164015128 , 009.87 015.96 004.04 006.94 027.13 011.16 006.03 008.25 
 1395652205.214647473 , 009.99 016.67 003.95 006.97 025.97 011.13 005.69 008.07 
 1395652205.314531966 , 010.04 016.13 003.76 006.80 026.58 011.45 005.86 008.20 
 1395652205.364106147 , 009.77 015.12 003.91 006.85 026.06 011.76 006.01 008.18 
 1395652205.414452981 , 009.76 015.88 003.87 006.71 026.25 011.04 005.79 008.17 
 1395652205.464001320 , 009.77 017.60 003.68 007.12 026.42 011.87 005.73 008.17 
 1395652205.514340263 , 009.98 016.33 004.06 006.80 026.32 011.31 005.63 008.38 
 1395652205.567795456 , 009.91 015.71 003.69 007.17 026.25 011.73 005.84 008.08 
 1395652205.664690180 , 009.99 016.08 003.94 006.53 026.41 000.00 005.83 008.01 
 1395652205.714029905 , 009.94 016.61 003.51 006.90 025.73 011.94 005.62 008.01 
 1395652205.764656315 , 010.10 015.57 003.45 006.89 025.89 011.39 006.16 008.38 
 1395652205.813985564 , 009.85 015.86 004.06 006.56 026.20 011.70 005.79 008.08 
 1395652205.864622376 , 010.16 015.74 003.78 006.69 026.58 011.41 005.84 008.14 
 1395652206.14704731 , 009.90 015.91 003.45 006.93 026.03 011.48 005.60 008.28 
 1395652206.64322840 , 009.98 015.54 003.96 006.80 026.27 011.39 005.59 008.34 
 1395652206.114666884 , 010.14 016.04 003.82 006.72 026.65 011.24 006.04 008.35 
 1395652206.164288208 , 009.93 015.25 003.79 006.61 025.38 011.50 005.23 008.50 
 1395652206.219563325 , 010.09 015.67 003.85 000.00 025.80 011.09 005.75 008.44 
 1395652206.314340671 , 009.97 015.64 003.65 006.92 025.85 011.15 005.55 008.46 
 1395652206.363885935 , 009.86 015.58 004.01 007.03 026.11 011.68 005.45 008.64 
 1395652206.414221250 , 010.14 015.84 003.54 006.89 025.78 011.50 005.55 008.53 
 1395652206.464844168 , 010.03 015.83 003.94 006.88 026.28 011.46 005.73 008.79 
 1395652206.514172366 , 009.81 015.86 003.45 006.77 025.93 011.36 005.87 008.61 
 1395652206.565454515 , 009.97 015.35 003.52 006.61 026.08 011.28 005.46 008.27 
 1395652206.664305913 , 010.15 015.64 003.45 006.65 026.06 011.38 005.73 008.71 
 1395652206.714582836 , 010.14 016.25 003.28 006.89 026.13 011.68 005.88 008.50 
 1395652206.764128384 , 010.00 016.12 003.69 006.97 025.88 011.27 005.46 008.31 
 1395652206.814462719 , 010.05 015.97 003.95 006.61 025.55 011.95 006.18 008.43 
 1395652206.864008684 , 010.09 016.25 003.67 006.98 026.23 011.42 006.00 008.40 
 1395652206.914353355 , 010.13 015.77 004.08 006.69 025.97 011.31 005.62 008.65 
 1395652207.14157176 , 010.03 015.85 003.71 006.84 026.00 000.00 006.16 008.79 
 1395652207.64780932 , 010.40 016.07 003.86 006.78 026.18 011.27 005.93 008.90 
 1395652207.114097260 , 010.05 016.20 003.54 006.65 026.14 011.40 006.03 008.81 
 1395652207.213959750 , 010.13 016.03 004.09 007.07 025.88 011.46 005.79 008.41 
 1395652207.264581410 , 009.93 016.93 003.64 006.46 026.01 011.35 005.88 008.47 
 1395652207.313816370 , 009.79 015.85 003.74 006.56 025.55 011.52 005.92 007.97 
 1395652207.364438101 , 009.90 016.49 003.46 006.70 025.99 011.33 006.20 008.47 
 1395652207.414751624 , 010.08 016.48 003.77 006.96 026.01 011.43 005.91 008.36 
 1395652207.464371411 , 010.12 016.90 003.94 006.31 026.27 011.22 005.34 008.53 
 1395652207.564144923 , 010.03 016.52 003.96 006.79 025.64 000.00 005.46 008.14 
 1395652207.614822524 , 009.72 015.88 003.78 006.51 026.22 011.87 006.00 008.21 
 1395652207.664440499 , 010.01 016.66 003.64 006.92 025.95 011.27 005.71 008.18 
 1395652207.714032557 , 009.93 015.95 003.61 006.53 026.01 011.85 005.36 008.27 
 1395652207.764652821 , 010.03 016.07 003.77 006.65 025.57 011.27 005.48 008.18 
 1395652207.914382686 , 010.35 016.58 003.79 006.92 026.01 011.36 005.71 008.35 
 1395652207.963995700 , 010.07 016.72 003.80 006.85 025.96 011.73 005.81 008.26 
 1395652208.14623924 , 010.22 017.16 003.55 006.88 025.64 011.22 005.60 008.17 
 1395652208.64172543 , 010.08 016.07 003.92 006.80 025.67 011.36 005.76 008.09 
 1395652208.114803843 , 009.79 016.75 003.55 006.90 027.43 012.01 005.13 008.33 
 1395652208.213900596 , 010.05 017.38 003.99 006.48 025.64 011.27 005.66 008.19 
 1395652208.264522672 , 010.27 016.71 003.87 006.94 025.82 011.65 005.33 007.97 
 1395652208.314079882 , 009.98 017.37 003.72 006.69 025.96 011.37 005.46 008.08 
 1395652208.364704966 , 010.26 016.63 003.80 006.77 025.89 011.54 005.89 007.97 
 1395652208.414336209 , 010.48 016.60 004.05 006.84 026.01 011.24 005.51 007.87 
 1395652208.463881683 , 010.46 015.71 003.65 006.70 026.10 011.72 005.99 008.03 
 1395652208.517938560 , 010.23 016.14 003.78 006.72 026.01 011.32 005.45 007.84 
 1395652208.614008669 , 010.18 016.11 003.73 006.67 026.13 011.36 005.46 007.88 
 1395652208.664630534 , 010.32 015.95 003.97 006.84 026.23 011.13 005.71 007.74 
 1395652208.714182091 , 010.37 015.73 003.88 006.67 027.07 012.30 005.83 008.02 
 1395652208.764807168 , 010.13 017.02 003.97 007.01 026.40 011.87 005.28 007.84 
 1395652208.814430170 , 010.35 016.45 004.29 006.94 026.01 012.04 005.74 007.94 
 1395652208.914533053 , 010.11 016.33 003.69 006.84 026.02 011.91 005.56 007.90 
 1395652208.964084814 , 010.35 016.29 003.65 006.85 025.78 011.19 005.71 007.93 
 1395652209.14713113 , 010.30 016.63 003.62 006.71 026.31 011.28 005.55 007.93 
 1395652209.64341770 , 010.28 015.94 003.85 006.86 026.01 011.13 005.47 007.90 
 1395652209.113910153 , 010.08 016.67 003.81 007.07 025.81 011.18 005.41 007.94 
 1395652209.164529299 , 010.18 017.09 004.06 006.56 025.69 011.24 005.57 007.97 
 1395652209.264622407 , 010.27 016.52 003.82 000.00 025.57 011.71 005.61 007.99 
 1395652209.314182753 , 010.05 016.35 003.93 006.80 025.76 011.31 005.97 007.98 
 1395652209.364809866 , 010.27 016.11 003.55 006.94 000.00 011.51 005.87 007.93 
 1395652209.414437896 , 009.98 014.93 003.91 006.79 025.61 011.27 005.87 008.03 
 1395652209.465187362 , 010.15 016.56 004.08 006.69 025.84 011.96 006.06 007.78 
 1395652209.564352630 , 010.21 015.59 003.84 006.67 026.17 011.08 006.04 008.12 
 1395652209.613912839 , 009.93 016.70 003.81 007.07 025.90 011.76 006.01 008.08 
 1395652209.664472625 , 009.94 016.05 003.83 006.65 026.29 012.12 005.66 008.03 
 1395652209.714031018 , 009.71 016.37 003.82 006.94 026.51 011.47 005.82 008.00 
 1395652209.764658270 , 009.72 016.03 003.83 007.04 026.36 011.29 005.88 007.81 
 1395652209.814282873 , 009.81 016.20 003.67 006.85 026.17 011.29 005.46 008.11 
 1395652209.914385971 , 009.87 016.14 003.91 006.69 026.04 011.19 005.58 007.84 
 1395652209.963932145 , 009.77 016.24 003.94 006.58 025.95 011.37 005.68 007.90 
 1395652210.14561209 , 010.03 015.86 003.82 006.88 026.27 011.12 005.52 007.88 
 1395652210.64107940 , 009.92 015.49 003.92 006.78 025.87 011.47 006.14 008.11 
 1395652210.114738260 , 009.99 015.67 003.85 006.58 026.37 012.04 005.93 008.11 
 1395652210.264402336 , 010.08 015.95 004.00 006.74 026.23 011.70 005.46 008.56 
 1395652210.313959058 , 009.87 016.48 003.79 006.89 026.08 011.14 005.66 007.99 
 1395652210.364595595 , 009.80 016.24 003.72 006.96 026.08 011.59 005.32 008.49 
 1395652210.414151124 , 009.95 015.81 003.86 007.08 026.17 011.34 005.75 008.02 
 1395652210.464773344 , 010.09 016.85 003.96 006.86 026.33 011.32 005.75 008.13 
 1395652210.514399489 , 010.02 016.11 003.66 007.01 026.26 011.27 005.64 007.98 
 1395652210.614492662 , 009.95 016.03 003.87 006.37 026.90 011.60 005.77 008.01 
 1395652210.961189124 , 010.01 016.30 003.57 006.79 026.28 011.82 005.74 008.10 
 1395652211.11896134 , 009.99 015.81 003.78 006.76 025.95 011.82 005.84 007.94 
 1395652211.61372814 , 009.90 015.47 003.97 006.69 025.88 011.24 005.72 008.01 
 1395652211.111996079 , 009.76 015.60 003.42 007.10 026.15 011.96 005.42 008.31 
 1395652211.161491415 , 009.77 015.39 003.45 006.77 026.11 011.41 005.80 008.02 
 1395652211.212134587 , 010.05 015.60 004.00 006.93 026.12 011.74 005.48 008.12 
 1395652211.312152682 , 009.86 015.71 003.74 007.06 027.61 011.99 005.75 008.02 
 1395652211.361645082 , 010.19 015.52 003.54 006.94 026.19 011.68 005.46 008.25 
 1395652211.412221482 , 009.98 015.52 003.49 006.82 026.99 012.55 005.75 008.07 
 1395652211.461774642 , 010.01 015.17 004.00 007.02 027.64 011.56 005.71 008.26 
 1395652211.561837226 , 009.81 015.14 003.90 006.76 026.99 012.63 005.75 008.24 
 1395652211.611342544 , 010.12 014.90 003.72 007.03 025.92 012.13 005.73 008.25 
 1395652211.661906165 , 009.83 014.52 003.96 007.04 025.91 011.79 005.80 008.31 
 1395652211.761887109 , 009.93 014.10 003.68 007.16 026.36 000.00 005.79 008.11 
 1395652211.811384183 , 009.86 013.90 003.74 006.86 026.28 012.37 005.79 007.95 
 1395652211.861957653 , 010.05 014.02 003.48 006.97 025.83 011.83 005.69 008.08 
 1395652211.911334184 , 009.77 013.57 003.64 006.75 026.56 000.00 005.73 008.26 
 1395652211.963442696 , 009.81 014.42 003.69 006.71 025.85 011.83 005.97 008.46 
 1395652212.61449571 , 009.86 013.86 003.71 006.63 026.71 011.34 005.89 008.46 
 1395652212.112033311 , 009.78 013.91 003.52 006.77 026.79 012.24 005.72 008.25 
 1395652212.161521656 , 009.82 014.16 003.73 006.94 026.54 011.78 005.69 008.57 
 1395652212.212095406 , 010.03 013.78 003.72 006.78 026.61 011.69 005.70 008.80 
 1395652212.263182698 , 009.85 013.73 003.55 006.79 026.41 011.50 005.56 008.36 
 1395652212.362169447 , 009.66 014.02 003.68 006.97 026.46 011.93 005.34 008.49 
 1395652212.411666594 , 010.15 012.98 003.62 007.05 026.73 012.14 005.82 008.21 
 1395652212.462197391 , 010.04 012.68 003.85 006.62 026.41 011.48 005.42 008.19 
 1395652212.511771432 , 009.92 013.61 003.77 006.98 026.73 011.51 005.66 008.20 
 1395652212.611830178 , 010.35 014.10 003.92 006.78 026.33 011.47 005.47 008.15 
 1395652212.662371239 , 009.82 014.20 003.44 006.79 026.10 011.87 005.41 007.94 
 1395652212.711943395 , 009.99 014.26 003.67 006.51 026.35 011.59 005.93 007.89 
 1395652212.761401223 , 010.17 013.84 004.10 007.00 026.56 011.45 005.38 008.07 
 1395652212.811995852 , 009.88 013.87 003.86 006.71 026.41 011.43 005.60 008.12 
 1395652212.861476025 , 009.96 014.13 003.55 006.76 026.71 011.55 005.85 008.29 
 1395652212.916682559 , 010.01 013.92 004.06 006.79 026.31 011.50 005.60 007.95 
 1395652213.11666775 , 009.86 013.73 003.95 006.79 026.35 011.24 005.65 008.09 
 1395652213.62197013 , 010.12 014.21 004.14 006.53 026.15 011.22 005.46 008.28 
 1395652213.111797524 , 009.81 014.25 003.90 006.66 025.96 011.93 005.37 008.13 
