 1395648119.626356430 , 000.00 004.78 008.03 009.75 023.62 013.84 007.25 005.33 
 1395648119.726199504 , 000.00 005.03 007.99 009.66 023.44 013.88 007.17 005.25 
 1395648119.775774104 , 000.00 004.36 008.13 009.92 024.18 013.96 006.97 005.06 
 1395648119.875663274 , 000.00 004.97 008.12 009.87 024.49 013.99 007.41 004.95 
 1395648119.926090843 , 000.00 004.95 007.89 009.77 024.65 013.69 007.45 005.34 
 1395648120.25954870 , 000.00 004.73 008.06 009.85 024.08 014.05 007.08 005.38 
 1395648120.75503069 , 000.00 004.95 008.16 009.79 024.31 013.88 007.25 005.31 
 1395648120.175371844 , 000.00 004.32 008.15 009.67 023.48 014.24 007.38 005.30 
 1395648120.225763170 , 000.00 004.66 007.92 009.60 023.44 013.97 007.13 005.36 
 1395648120.325688588 , 000.00 004.82 008.07 009.91 023.40 014.09 007.25 005.34 
 1395648120.376322050 , 000.00 004.89 007.99 009.39 023.79 014.11 007.28 005.09 
 1395648120.476256545 , 000.00 004.74 008.16 009.32 023.47 014.30 007.11 005.84 
 1395648120.525643624 , 000.00 004.64 007.90 009.55 023.90 014.21 007.07 005.34 
 1395648120.625509813 , 000.00 005.00 008.10 009.77 023.81 013.96 007.20 005.65 
 1395648120.676132105 , 000.00 004.91 007.84 009.46 023.61 014.24 006.96 005.37 
 1395648120.776038873 , 000.00 004.84 008.01 009.26 023.72 013.86 007.06 005.59 
 1395648120.826437809 , 000.00 004.79 008.04 009.54 023.45 013.85 007.57 005.73 
 1395648120.926364692 , 000.00 004.98 008.06 009.69 023.36 013.85 007.35 005.34 
 1395648120.975982034 , 000.00 004.60 008.17 009.49 023.99 014.12 007.29 005.33 
 1395648121.26648603 , 000.00 004.72 008.27 009.40 023.75 014.23 007.25 005.43 
 1395648121.125510759 , 000.00 004.97 008.20 009.81 023.62 014.33 007.03 005.18 
 1395648121.176132835 , 000.00 004.84 008.25 010.10 023.22 014.26 007.22 005.50 
 1395648121.276011950 , 000.00 004.70 008.13 009.40 023.67 014.90 007.14 005.38 
 1395648121.326405369 , 000.00 004.92 007.94 009.75 023.57 014.70 007.03 005.41 
 1395648121.426328828 , 000.00 004.91 007.90 009.84 023.35 014.61 007.10 005.62 
 1395648121.475944142 , 000.00 005.02 007.81 009.67 023.28 014.70 007.21 005.67 
 1395648121.575878779 , 000.00 004.77 008.07 009.63 023.64 014.52 007.30 005.42 
 1395648121.626272899 , 000.00 005.40 007.81 009.69 023.49 014.46 007.07 005.28 
 1395648121.726201249 , 000.00 004.65 008.04 009.82 023.20 014.53 007.16 005.18 
 1395648121.775743584 , 000.00 004.44 008.09 009.50 022.97 014.51 007.19 005.61 
 1395648121.826134559 , 000.00 005.10 008.29 010.00 023.11 014.29 007.10 005.23 
 1395648121.925990130 , 000.00 005.15 008.03 009.72 023.26 014.38 007.28 005.43 
 1395648121.975539242 , 022.15 004.91 008.06 009.90 023.28 014.43 007.31 005.62 
 1395648122.25931124 , 000.00 004.29 008.17 010.01 022.89 014.02 007.27 005.32 
 1395648122.125794383 , 000.00 005.06 008.18 009.83 023.07 014.28 007.10 005.37 
 1395648122.176417927 , 000.00 004.55 008.29 009.66 022.76 014.57 007.08 005.33 
 1395648122.276348235 , 000.00 004.86 008.16 009.59 023.49 014.02 006.87 005.36 
 1395648122.325736286 , 000.00 005.15 008.45 009.89 023.50 014.24 007.16 005.33 
 1395648122.376357040 , 000.00 004.85 007.84 009.67 023.34 014.33 007.21 005.34 
 1395648122.476287137 , 000.00 004.72 008.11 009.41 022.88 014.44 007.01 005.18 
 1395648122.526510210 , 000.00 005.16 008.24 009.76 022.62 014.49 007.06 005.71 
 1395648122.625368107 , 000.00 005.09 008.08 009.63 022.98 014.43 007.29 005.74 
 1395648122.676021754 , 000.00 004.64 008.12 009.59 023.18 013.87 007.13 005.50 
 1395648122.775957644 , 022.37 004.87 007.99 009.60 023.03 014.07 007.11 005.28 
 1395648122.826325993 , 000.00 004.36 007.79 010.02 023.03 013.60 006.94 005.55 
 1395648122.926229341 , 000.00 004.74 008.12 009.85 023.20 013.93 007.16 005.16 
 1395648122.975852060 , 000.00 005.13 008.06 009.46 023.50 013.79 007.30 005.74 
 1395648123.31134089 , 000.00 004.91 008.18 009.73 023.73 014.01 007.10 005.10 
 1395648123.125942237 , 000.00 004.83 008.22 009.91 023.49 014.11 007.25 005.11 
 1395648123.225766315 , 000.00 004.73 007.95 009.37 024.49 014.59 007.24 005.34 
 1395648123.276384481 , 000.00 005.19 007.94 009.81 025.15 013.66 007.18 005.16 
 1395648123.328883129 , 000.00 004.91 007.80 009.60 024.82 013.56 007.23 005.56 
 1395648123.425701300 , 000.00 004.86 007.81 009.62 024.01 013.62 007.06 005.04 
 1395648123.525597181 , 000.00 004.62 008.00 009.95 024.46 014.39 007.11 005.25 
 1395648123.576213324 , 000.00 005.14 006.14 009.71 024.39 014.13 007.02 005.24 
 1395648123.625763406 , 000.00 004.61 007.92 009.81 024.13 014.69 007.26 005.45 
 1395648123.725662212 , 000.00 004.68 007.70 010.00 024.30 014.44 007.08 005.41 
 1395648123.779632974 , 000.00 005.06 007.79 009.85 023.66 014.51 007.11 005.91 
 1395648123.875459893 , 000.00 005.10 007.90 009.77 024.31 014.66 007.12 005.41 
 1395648123.925820210 , 000.00 005.29 007.91 009.55 024.22 014.74 007.35 005.42 
 1395648124.25717133 , 000.00 005.02 007.81 009.72 023.88 014.60 007.26 005.55 
 1395648124.76386212 , 000.00 004.89 007.66 009.78 024.42 014.57 007.16 005.39 
 1395648124.176288445 , 000.00 005.15 008.07 009.94 024.59 014.23 007.21 005.59 
 1395648124.225656871 , 000.00 005.02 007.79 009.63 024.45 013.83 007.17 005.29 
 1395648124.325562522 , 000.00 004.50 008.11 009.89 024.18 014.25 007.25 005.88 
 1395648124.377136190 , 000.00 004.65 007.78 009.87 024.49 014.02 007.20 005.17 
 1395648124.475994643 , 000.00 005.19 008.20 009.90 024.43 013.78 007.21 005.48 
 1395648124.526373396 , 000.00 004.90 008.32 009.53 024.30 014.11 007.21 005.73 
 1395648124.626284772 , 000.00 005.46 008.02 009.91 023.84 013.67 007.30 005.42 
 1395648124.726191125 , 000.00 004.92 007.94 009.63 024.22 013.68 007.17 005.42 
 1395648124.775732339 , 000.00 004.72 007.78 009.60 023.71 013.62 007.20 005.32 
 1395648124.826093911 , 000.00 004.74 007.92 009.68 023.81 013.92 007.16 005.42 
 1395648124.925929509 , 000.00 004.96 007.72 009.71 022.93 013.92 007.38 005.16 
 1395648124.976760485 , 000.00 004.84 007.79 009.64 023.08 013.87 007.06 005.19 
 1395648125.75597982 , 000.00 005.44 007.80 009.75 023.26 014.30 007.25 004.91 
 1395648125.125972130 , 000.00 004.93 007.83 009.52 022.57 014.32 007.35 005.38 
 1395648125.225791318 , 000.00 004.83 007.92 009.99 022.61 014.55 006.99 005.29 
 1395648125.276408718 , 000.00 005.11 007.67 009.75 022.89 014.76 007.14 005.07 
 1395648125.376366193 , 000.00 004.96 007.97 009.93 022.94 014.37 007.16 005.36 
 1395648125.707375251 , 000.00 005.10 008.13 009.80 023.59 014.39 007.29 005.29 
 1395648125.808541400 , 000.00 004.93 007.74 009.62 023.36 014.15 007.47 005.40 
 1395648125.858085411 , 000.00 004.87 007.76 009.82 023.48 013.99 007.17 005.45 
 1395648125.957970108 , 000.00 004.84 007.99 009.93 023.11 013.92 007.29 005.14 
 1395648126.8618381 , 000.00 004.55 007.80 009.77 000.00 014.05 007.39 005.45 
 1395648126.107683701 , 000.00 005.02 008.13 009.73 023.60 014.05 006.97 005.47 
 1395648126.158308642 , 000.00 004.58 007.94 010.04 023.84 014.08 007.14 005.76 
 1395648126.258382263 , 000.00 005.10 008.04 009.75 024.21 014.49 007.33 005.43 
 1395648126.308014203 , 000.00 004.50 007.83 009.85 023.67 014.51 007.20 005.36 
 1395648126.408075390 , 000.00 004.87 007.87 009.89 024.58 014.44 007.30 005.45 
 1395648126.457624362 , 000.00 004.80 007.95 010.06 023.53 014.39 007.06 005.30 
 1395648126.557697770 , 000.00 005.15 008.12 009.95 023.21 014.25 007.08 005.33 
 1395648126.608217042 , 000.00 005.04 008.36 010.08 023.52 014.61 007.11 005.41 
 1395648126.708327955 , 000.00 004.79 007.76 009.68 023.81 014.69 007.16 005.48 
 1395648126.757881464 , 000.00 004.96 008.07 009.82 023.31 014.47 007.05 005.34 
 1395648126.808514091 , 000.00 004.59 008.20 009.76 024.09 014.21 007.23 005.15 
 1395648126.907569073 , 000.00 004.95 007.91 010.22 023.72 014.00 007.41 005.37 
 1395648126.961251949 , 000.00 004.97 007.91 010.23 023.45 014.23 007.22 005.37 
 1395648127.58323723 , 000.00 004.81 007.89 009.81 024.30 013.87 007.38 005.59 
 1395648127.107844824 , 000.00 005.01 007.83 010.12 023.31 014.15 007.28 005.18 
 1395648127.207981092 , 000.00 004.90 008.12 010.25 023.58 014.19 007.12 005.28 
 1395648127.257529503 , 000.00 005.14 008.11 010.04 024.03 014.05 007.49 005.42 
 1395648127.357607312 , 000.00 005.32 008.01 009.94 024.54 014.31 007.25 005.34 
 1395648127.408276814 , 000.00 004.91 007.90 009.83 023.06 014.20 007.02 005.38 
 1395648127.508341143 , 000.00 004.90 008.08 009.68 024.22 014.34 007.08 005.56 
 1395648127.557886690 , 000.00 005.26 007.97 009.72 023.71 014.34 006.94 005.19 
 1395648127.658030287 , 000.00 005.07 007.76 009.80 024.32 014.07 007.07 005.16 
 1395648127.707548670 , 000.00 004.87 007.61 010.27 023.76 013.98 007.15 005.14 
 1395648127.761755421 , 000.00 004.70 008.06 010.07 023.50 013.83 007.21 005.55 
 1395648127.857799198 , 000.00 004.91 007.73 010.07 023.63 013.90 007.02 005.43 
 1395648127.957869397 , 000.00 004.49 008.06 010.30 023.26 014.16 007.25 005.23 
 1395648128.8468778 , 000.00 004.87 008.06 009.98 023.30 014.39 007.12 005.30 
 1395648128.58504747 , 000.00 005.03 007.99 010.12 023.47 013.96 007.07 005.19 
 1395648128.157570143 , 000.00 004.63 008.16 010.22 023.06 013.89 007.29 005.45 
 1395648128.257636704 , 000.00 004.98 008.12 009.94 023.54 013.97 007.12 005.66 
 1395648128.308234690 , 000.00 004.88 007.70 010.00 024.18 014.11 007.23 005.61 
 1395648128.357771789 , 000.00 004.93 008.21 010.04 023.72 013.91 007.17 005.46 
 1395648128.457844358 , 000.00 004.64 007.90 009.71 024.10 013.84 007.33 005.05 
 1395648128.512127451 , 000.00 005.02 007.76 009.92 024.25 013.88 007.02 005.44 
 1395648128.608170879 , 000.00 004.98 007.97 010.21 023.15 013.88 007.25 005.59 
 1395648128.657716770 , 000.00 005.01 007.83 009.87 023.26 013.52 007.21 005.30 
 1395648128.757783202 , 000.00 004.67 008.13 010.04 023.54 013.63 007.16 005.13 
 1395648128.808880269 , 000.00 005.05 007.81 010.05 023.58 013.48 007.46 004.96 
 1395648128.908019760 , 000.00 005.11 007.84 010.01 023.72 013.70 007.19 005.42 
 1395648128.957570269 , 000.00 004.58 008.03 009.78 023.31 013.32 007.13 005.51 
 1395648129.57637528 , 000.00 004.87 007.75 010.03 022.95 013.42 007.33 005.44 
 1395648129.108239986 , 000.00 005.23 007.99 010.08 023.31 013.56 007.36 005.34 
 1395648129.208300055 , 000.00 005.27 007.98 010.19 023.63 013.30 007.06 005.13 
 1395648129.257848747 , 000.00 005.16 008.11 010.14 023.75 013.39 007.00 005.53 
 1395648129.357990391 , 000.00 005.06 007.85 010.02 022.87 013.61 007.07 005.57 
 1395648129.407510165 , 000.00 004.84 007.98 010.12 023.21 013.56 007.29 005.66 
 1395648129.507566876 , 000.00 004.36 007.92 010.07 022.80 013.51 006.89 005.19 
 1395648129.558183232 , 000.00 004.86 008.13 010.14 023.33 013.39 007.33 005.57 
 1395648129.612377206 , 000.00 004.86 008.23 010.10 023.55 013.76 007.10 005.40 
 1395648129.708492084 , 000.00 005.07 007.87 009.98 023.89 013.34 007.16 005.43 
 1395648129.807564248 , 000.00 004.72 007.98 010.24 023.65 013.41 007.03 005.46 
 1395648129.858183816 , 000.00 004.97 007.57 009.72 023.70 013.57 007.31 005.23 
 1395648129.907729851 , 000.00 004.91 008.06 010.21 023.45 013.51 007.21 005.33 
 1395648130.7791525 , 000.00 005.09 007.93 010.04 023.01 013.74 007.13 005.53 
 1395648130.62005194 , 000.00 004.96 008.27 009.80 022.57 013.61 007.40 005.62 
 1395648130.158050371 , 000.00 005.01 007.99 010.14 022.80 013.53 007.01 005.59 
 1395648130.207571470 , 000.00 004.81 008.07 009.81 023.31 013.46 007.08 005.61 
 1395648130.307628261 , 000.00 005.10 008.21 010.14 023.12 013.49 007.39 005.64 
 1395648130.358260746 , 000.00 005.08 007.83 010.16 023.00 013.76 007.24 005.55 
 1395648130.458327170 , 000.00 005.23 007.88 010.23 023.93 013.71 007.21 005.36 
 1395648130.507847016 , 000.00 004.97 008.03 010.03 023.45 013.53 007.33 005.48 
 1395648130.607985098 , 000.00 005.18 007.87 009.92 023.30 013.62 007.06 005.33 
 1395648130.657526455 , 000.00 004.72 007.62 010.12 022.47 013.84 007.10 005.21 
 1395648130.757596791 , 000.00 004.92 008.03 010.00 022.57 013.81 006.89 005.42 
 1395648130.808194847 , 000.00 004.82 007.90 010.25 023.04 013.44 007.05 005.24 
 1395648130.908257082 , 000.00 004.77 007.77 009.79 022.42 013.47 007.08 005.30 
 1395648130.957801233 , 000.00 005.01 007.92 009.90 023.10 013.48 007.10 005.64 
 1395648131.57876320 , 000.00 005.18 008.08 009.79 022.84 013.39 007.46 005.47 
 1395648131.108530736 , 000.00 004.82 007.91 010.19 023.17 000.00 007.22 005.06 
 1395648131.207588022 , 000.00 004.80 008.15 010.18 023.01 013.55 007.08 005.52 
 1395648131.258208636 , 000.00 005.10 007.51 010.12 022.57 013.53 007.17 005.55 
